10001
10025
10026
10028
10032
10044
10051
10104
10107
10116
10138
10145
10147
10158
10180
10182
10200
10220
10225
10232
10239
10252
10253
10257
10258
10259
10294
10297
10299
10302
10308
10318
10333
10353
10355
10363
10375
10382
10395
10397
10421
10443
10463
10501
10507
10514
10516
10517
10530
10547
10550
10606
10629
10644
10645
10649
10656
10659
10661
10667
10693
10696
10772
10777
10779
10781
10812
10838
10853
10860
10866
10874
10886
10890
10892
10901
10909
10913
10932
10933
10966
11006
11018
11043
11056
11081
11131
11144
11154
11174
11208
11246
11267
11285
11292
11293
11308
11343
11348
11368
11369
11370
11378
11379
11382
11394
11397
11403
11404
11441
11442
11478
11481
11499
11511
11513
11533
11547
11552
11565
11581
11587
11593
11599
11600
11618
11628
11636
11638
11641
11644
11654
11664
11674
11691
11701
11703
11707
11731
11748
11750
11752
11775
11781
11786
11790
11803
11809
11825
11839
11844
11850
11884
11891
11896
11955
11976
11992
11995
11999
12008
12009
12011
12017
12025
12026
12030
12036
12049
12051
12052
12060
12062
12068
12073
12078
12080
12085
12088
12089
12090
12146
12149
12166
12169
12173
12189
12190
12209
12211
12217
12226
12248
12266
12307
12308
12310
12312
12330
12340
12347
12348
12349
12350
12355
12356
12358
12360
12362
12363
12364
12366
12369
12373
12374
12380
12384
12389
12392
12400
12402
12406
12410
12413
12437
12440
12446
12448
12449
12450
12451
12452
12473
12476
12477
12480
12484
12485
12486
12487
12488
12490
12493
12494
12496
12497
12498
12501
12502
12503
12509
12515
12521
12527
12557
12558
12559
12570
12573
12574
12575
12577
12579
12580
12583
12585
12586
12588
12591
12592
12615
12622
12623
12629
12637
12639
12640
12641
12645
12650
12660
12667
12682
12688
12690
12691
12695
12696
12698
12719
12742
12743
12747
12758
12760
12781
12783
12784
12785
12789
12792
12793
12795
12796
12797
12798
12835
12840
12865
12872
12873
12877
12879
12880
12881
12882
12883
12884
12887
12894
12903
12905
12906
12908
12913
12914
12915
12916
12919
12920
12921
12922
12924
12927
12959
12960
12963
12967
12971
12981
13006
13007
13008
13009
13014
13018
13019
13035
13036
13037
13041
13046
13049
13056
13080
13081
13084
13085
13105
13106
13107
13108
13109
13110
13111
13112
13113
13116
13121
13124
13139
13141
13159
13160
13167
13168
13169
13181
13188
13196
13198
13201
13202
13203
13210
13225
13227
13244
13249
13250
13253
13260
13261
13262
13263
13264
13265
13267
13278
13279
13280
13284
13285
13292
13294
13298
13299
13302
13303
13305
13314
13316
13318
13323
13324
13325
13326
13328
13329
13330
13336
13337
13340
13342
13343
13349
13356
13367
13369
13372
13373
13374
13375
13377
13378
13379
13380
13384
13385
13399
13400
13402
13407
13408
13409
13410
13411
13412
13429
13430
13447
13453
13454
13455
13456
13502
13507
13508
13511
13520
13521
13524
13525
13526
13527
13528
13529
13532
13533
13534
13536
13537
13543
13548
13552
13553
13554
13556
13559
13560
13561
13563
13564
13567
13577
13579
13585
13594
13597
13598
13599
13600
13604
13610
13616
13621
13622
13625
13627
13628
13636
13640
13641
13642
13643
13644
13647
13648
13649
13650
13652
13655
13656
13658
13687
13688
13690
13693
13694
13695
13699
13702
13704
13705
13708
13711
13712
13713
13721
13730
13739
13743
13748
13754
13755
13757
13758
13759
13761
13766
13769
13777
13788
13790
13791
13794
13796
13797
13798
13799
13800
13802
13812
13816
13818
13819
13825
13827
13828
13829
13830
13831
13837
13844
13856
13858
13860
13861
13862
13863
13869
13870
13874
13875
13876
13877
13878
13879
13882
13883
13885
13890
13891
13896
13901
13903
13904
13906
13908
13909
13911
13914
13916
13919
13920
13921
13923
13924
13928
13931
13932
13934
13935
13936
13938
13939
13940
13942
13943
13947
13949
13954
13956
13957
13958
13959
13962
13963
13964
13965
13966
13967
13969
13970
13976
13977
13983
13992
13993
13998
14004
14005
14006
14008
14017
14026
14029
14030
14033
14040
14041
14042
14043
14044
14045
14046
14050
14051
14052
14053
14054
14055
14056
14057
14060
14062
14063
14065
14072
14076
14087
14093
14094
14095
14097
14099
14101
14102
14106
14107
14127
14131
14133
14135
14136
14137
14141
14143
14145
14148
14149
14150
14151
14152
14153
14158
14159
14160
14161
14164
14166
14167
14168
14169
14172
14173
14174
14175
14176
14179
14182
14185
14198
14213
14219
14221
14227
14229
14230
14231
14237
14238
14239
14244
14245
14246
14247
14249
14252
14253
14254
14256
14257
14258
14260
14261
14262
14263
14266
14271
14273
14274
14276
14288
14289
14290
14292
14295
14296
14303
14304
14305
14310
14312
14313
14316
14317
14318
14321
14324
14325
14327
14328
14329
14335
14337
14338
14339
14340
14352
14353
14355
14356
14358
14359
14378
14392
14393
14400
14401
14406
14408
14409
14414
14419
14420
14421
14422
14423
14425
14426
14431
14432
14433
14434
14435
14436
14440
14441
14442
14444
14447
14448
14449
14450
14451
14452
14455
14456
14457
14458
14459
14464
14465
14467
14468
14469
14470
14471
14472
14478
14479
14487
14489
14490
14495
14497
14498
14499
14502
14503
14504
14505
14506
14516
14521
14523
14526
14528
14530
14531
14532
14535
14536
14537
14538
14541
14542
14543
14544
14545
14547
14548
14550
14551
14552
14553
14554
14555
14556
14558
14565
14567
14570
14573
14574
14578
14579
14580
14588
14589
14590
14591
14593
14594
14596
14597
14599
14601
14602
14603
14604
14607
14608
14609
14610
14612
14615
14619
14625
14632
14634
14636
14637
14641
14645
14646
14647
14650
14653
14654
14658
14663
14667
14668
14670
14671
14675
14677
14682
14683
14684
14685
14686
14688
14689
14690
14691
14693
14694
14695
14696
14697
14702
14703
14707
14708
14711
14712
14713
14714
14715
14716
14717
14719
14720
14723
14750
14751
14759
14761
14763
14773
14774
14776
14778
14781
14782
14790
14792
14793
14795
14797
14801
14803
14805
14807
14810
14811
14812
14813
14815
14816
14818
14820
14821
14822
14823
14827
14828
14829
14830
14831
14834
14836
14849
14851
14852
14855
14861
14862
14868
14870
14871
14872
14873
14874
14877
14878
14879
14880
14881
14882
14884
14889
14890
14908
14915
14925
14926
14927
14930
14932
14934
14937
14938
14939
14941
14942
14943
14944
14945
14950
14951
14953
14954
14960
14961
14969
14970
14976
14982
14983
14984
14988
14990
14991
14992
14993
14995
15003
15006
15008
15010
15011
15014
15015
15016
15017
15022
15023
15024
15028
15029
15045
15046
15056
15057
15058
15059
15061
15062
15064
15065
15067
15068
15069
15070
15071
15072
15075
15079
15080
15083
15084
15087
15088
15089
15090
15091
15092
15099
15105
15108
15110
15117
15119
15125
15126
15127
15128
15129
15132
15134
15144
15145
15164
15167
15168
15172
15176
15177
15178
15180
15183
15184
15186
15187
15198
15202
15203
15215
15217
15218
15219
15220
15221
15222
15223
15225
15226
15228
15242
15254
15263
15264
15266
15270
15271
15272
15273
15278
15282
15283
15284
15285
15286
15287
15290
15291
15292
15293
15294
15297
15298
15302
15303
15305
15315
15318
15327
15332
15335
15339
15344
15351
15357
15363
15367
15370
15371
15372
15374
15375
15378
15380
15381
15382
15383
15390
15391
15394
15395
15396
15397
15398
15399
15400
15401
15404
15407
15408
15409
15410
15415
15416
15417
15425
15426
15428
15429
15430
15431
15432
15433
15435
15436
15440
15443
15451
15452
15454
15456
15457
15466
15478
15482
15485
15488
15489
15490
15491
15493
15494
15496
15497
15505
15506
15507
15508
15509
15510
15514
15523
15527
15530
15531
15532
15533
15534
15535
15537
15538
15539
15540
15541
15542
15543
15546
15553
15560
15579
15580
15582
15585
15590
15597
15599
15623
15627
15630
15636
15638
15639
15643
15644
15645
15646
15647
15648
15649
15650
15651
15652
15653
15654
15658
15662
15664
15694
15703
15707
15709
15710
15719
15720
15721
15724
15729
15774
15775
15776
15779
15780
15784
15785
15786
15787
15788
15793
15795
15797
15802
15824
15826
15831
15832
15833
15834
15837
15838
15840
15847
15850
15853
15854
15856
15858
15859
15860
15863
15887
15899
15902
15905
15906
15912
15914
15917
15921
15934
15937
15943
15948
15950
15955
15956
15960
15961
15970
15976
15978
15980
15995
15996
15997
15998
15999
16000
16001
16004
16005
16007
16008
16012
16019
16020
16021
16024
16030
16044
16049
16051
16052
16063
16064
16066
16067
16068
16069
16070
16073
16076
16082
16083
16084
16086
16087
16090
16097
16099
16100
16104
16106
16108
16111
16112
16119
16126
16140
16144
16145
16146
16149
16154
16158
16160
16162
16164
16170
16171
16173
16174
16175
16178
16179
16181
16182
16183
16186
16188
16189
16247
16249
16250
16252
16253
16255
16260
16261
16263
16267
16268
16276
16277
16278
16279
16282
16284
16285
16287
16290
16303
16304
16308
16309
16310
16318
16319
16338
16343
16347
16350
16376
16377
16378
16381
16382
16384
16385
16386
16392
16393
16394
16397
16398
16399
16401
16402
16417
16429
16431
16432
16434
16435
16436
16437
16442
16448
16458
16463
16465
16466
16471
16472
16473
16493
16505
16519
16528
16529
16530
16532
16533
16548
16555
16600
16678
17005
17073
17137
17144
17444
17478
17523
17726
17743
17750
17778
17830
17929
17961
18033
18075
18091
18148
18163
18403
18411
18438
18542
18570
18649
18650
18729
18973
19166
19271
19350
19393
19502
19561
19721
19828
19880
20053
20117
20204
20336
20395
20415
20482
20504
20512
20598
20618
20626
20670
20750
20765
21020
21055
21135
21178
21186
21207
21231
21371
21573
21742
21776
21785
21792
21928
21936
22103
22111
22293
22323
22509
22517
22592
22752
22779
22825
22840
22921
23026
23042
23085
23182
23229
23297
23393
23473
23501
23536
23579
23660
23712
23799
23819
23835
23887
23916
23931
23975
24010
24053
24109
24193
24205
24248
24272
24328
24432
24440
24441
24459
24476
24643
24766
24942
24969
24985
25081
25099
25129
25232
25304
25320
25419
25452
25487
25582
25590
25778
25785
25953
26084
26201
26403
26463
26470
26607
26614
26650
26710
26825
27043
27167
27204
27254
27334
27422
27430
27474
27562
27617
27618
27633
27684
27705
27756
27828
27887
27888
27909
27959
27983
27991
28118
28222
28345
28484
28564
28629
28804
29050
29058
29209
29285
29612
29867
29938
29946
30402
30509
30593
30648
30680
30681
30737
30840
30940
31051
31070
31077
31078
31238
31480
31500
31668
31691
31974
32046
32054
32062
32299
32540
32548
32651
32678
32687
32707
32803
32870
32934
32942
32986
33137
33209
33532
33770
33823
33849
34032
34367
34497
34666
34673
34746
34817
34818
34833
34936
34948
35044
35051
35107
35124
35167
35238
35263
35503
35554
35685
35917
35991
36003
36281
36346
36397
36468
36768
36898
37058
37154
37161
37217
37234
37284
37381
37402
37568
37584
37807
37832
37875
37955
38033
38093
38149
38156
38295
38420
38658
38659
38682
38703
38746
38762
38850
39029
39087
39220
39328
39490
39538
39571
39642
39693
39731
40125
40272
40416
40440
40539
40694
41080
41187
41188
41217
41241
41292
41320
41355
41574
41929
42024
42059
42067
42140
42200
42286
42358
42439
42455
42534
42550
42585
42614
42796
42877
42906
42922
43123
43334
43350
43449
43481
43553
43617
43634
43757
43772
43837
44134
44206
44230
44274
44329
44506
44513
44601
44644
44768
44813
44943
44951
45225
45241
45277
45306
45437
45560
45655
45728
45751
45911
46042
46068
46077
46340
46392
46463
46578
46674
46690
46834
46877
46886
46907
46922
46923
47002
47088
47205
47379
47387
47423
47466
47511
47571
47619
47626
47677
47706
47715
47723
47730
47861
47896
47941
48072
48144
48267
48291
48347
48389
48486
48506
48523
48531
48653
48725
48961
49015
49138
49154
49322
49373
49429
49488
49656
49680
49905
49971
50017
50243
50278
50286
50550
50606
50623
50788
50789
50876
50948
50972
51086
51263
51369
51423
51625
51633
51692
51829
51925
51960
52038
52090
52230
52250
52329
52337
52396
52476
52484
52695
52708
52716
52813
52898
52936
52978
53065
53074
53110
53197
53225
53373
53480
53575
53604
53613
53640
53663
53859
53866
54084
54114
54148
54199
54244
54253
54578
54594
54675
54704
54818
54827
55001
55212
55213
55511
55597
55678
55862
55976
55993
56040
56223
56274
56573
56611
56710
56777
56822
56945
57007
57154
57330
57509
57534
57568
57665
57808
57809
57817
57904
57913
58246
58318
58334
58421
58501
58560
58675
58683
58771
58819
58836
58975
59010
59045
59089
59176
59185
59192
59248
59256
59328
59396
59408
59459
59467
59483
59600
59619
59627
59774
59871
60038
60097
60098
60186
60206
60442
60468
60506
60548
60580
60599
60628
60687
60709
60871
60898
60943
60986
61146
61188
61209
61241
61269
61313
61399
61487
61496
61508
61516
61567
61621
61700
61743
61787
61807
61815
61946
61955
62033
62042
62092
62148
62228
62308
62341
62368
62376
62383
62498
62958
63079
63125
63132
63159
63335
63467
63546
63714
63715
63765
63773
63781
63829
63830
64020
64135
64186
64194
64282
64311
64390
64450
64486
64557
64742
64785
64822
64899
64929
64936
64961
64995
65008
65154
65270
65285
65294
65306
65307
65330
65365
65402
65429
65509
65541
65584
65665
65700
65752
65875
66050
66093
66157
66181
66245
66325
66376
66384
66617
66683
66739
66800
66852
67002
67029
67360
67467
67838
67847
68144
68145
68196
68276
68292
68320
68591
68718
68830
68857
69032
69199
69550
69586
69649
69796
70033
70092
70228
70308
70332
70500
70519
70536
70578
70616
70704
70923
71175
71176
71191
71271
71475
71563
71837
71942
71985
72119
72232
72304
72338
72494
72611
72696
72726
72980
72996
73139
73219
73681
73809
73817
74406
74500
74740
74836
74908
74932
75033
75034
75069
75070
75100
75104
75107
75175
75182
75186
75215
75222
75224
75233
75241
75257
75261
75272
75285
75316
75320
75326
75342
75432
75447
75460
75470
75489
75509
75510
75517
75526
75527
75556
75573
75577
75578
75591
75596
75603
75605
75607
75646
75649
75654
75672
75694
75714
75734
75754
75825
75828
75831
75853
75854
75860
75905
75906
75912
75976
75985
76020
76038
76052
76076
76081
76082
76095
76100
76123
76127
76128
76135
76136
76138
76139
76148
76149
76185
76201
76202
76207
76215
76217
76224
76226
76230
76234
76261
76266
76274
76279
76282
76330
76360
76383
76392
76415
76461
76477
76478
76489
76504
76515
76529
76532
76544
76553
76565
76568
76573
76582
76584
76586
76591
76605
76613
76614
76624
76638
76639
76644
76661
76671
76672
76684
76686
76695
76697
76708
76709
76711
76712
76721
76722
76732
76744
76750
76752
76788
76795
76798
76804
76837
76838
76839
76841
76847
76856
76858
76868
76869
76879
76888
76892
76908
76927
76934
76946
76950
76963
76978
76980
77004
77007
77011
77037
77043
77045
77082
77090
77114
77117
77120
77157
77165
77173
77175
77178
77182
77186
77191
77202
77205
77208
77217
77235
77236
77256
77259
77271
77274
77279
77281
77282
77292
77300
77327
77338
77340
77354
77357
77366
77379
77393
77413
77415
77418
77420
77425
77437
77447
77453
77461
77462
77478
77486
77488
77496
77501
77505
77507
77515
77516
77519
77520
77526
77528
77530
77584
77595
77599
77605
77606
77610
77629
77630
77637
77643
77649
77659
77660
77661
77668
77669
77679
77699
77702
77722
77730
77763
77768
77780
77785
77790
77830
77855
77862
77868
77889
77892
77897
77900
77902
77917
77918
77971
77973
78001
78003
78015
78018
78033
78034
78038
78044
78050
78051
78054
78062
78066
78068
78071
78077
78081
78082
78091
78137
78139
78147
78156
78170
78172
78179
78186
78189
78195
78200
78211
78213
78216
78217
78451
78664
78693
78749
78829
78840
78841
78875
78876
78877
78881
78892
78900
78903
78908
78915
78916
78950
78955
78960
78963
78975
78977
78981
78987
78990
78999
79006
79007
79013
79019
79022
79025
79026
79033
79037
79039
79065
79066
79072
79089
79094
79103
79108
79116
79131
79133
79150
79159
79166
79195
79198
79210
79244
79248
79249
79265
79267
79280
79299
79303
79307
79313
79315
79322
79323
79336
79338
79382
79399
79411
79444
79472
79490
79491
79499
79507
79516
79545
79564
79571
79573
79586
79588
79611
79618
79628
79637
79666
79667
79668
79672
79678
79686
79689
79698
79702
79724
79731
79734
79747
79758
79776
79785
79790
79791
79795
79796
79797
79799
79802
79824
79839
79841
79851
79857
79859
79862
79864
79866
79878
79879
79881
79884
79885
79903
79906
79909
79915
80001
80007
80012
80019
80034
80049
80050
80054
80069
80072
80079
80080
80112
80113
80114
80128
80159
80167
80168
80169
80179
80185
80191
80193
80204
80223
80233
80236
80237
80254
80266
80274
80286
80294
80297
80303
80306
80316
80320
80336
80341
80343
80357
80361
80362
80368
80375
80415
80432
80446
80452
80478
80485
80498
80517
80524
80534
80539
80544
80560
80563
80569
80575
80577
80587
80592
80621
80625
80633
80638
80640
80719
80759
80768
80791
80795
80804
80808
80812
80828
80837
80857
80858
80864
80912
80918
80924
80926
80928
80943
80951
80955
80957
80960
80969
80971
80987
80990
81055
81061
81073
81084
81095
81103
81116
81124
81128
81138
81148
81162
81165
81173
81182
81184
81190
81220
81222
81225
81241
81254
81256
81259
81278
81282
81292
81294
81298
81311
81481
81501
81510
81533
81539
81540
81541
81546
81560
81562
81564
81565
81566
81577
81584
81588
81593
81614
81620
81621
81624
81655
81665
81666
81677
81678
81696
81702
81705
81728
81736
81740
81741
81756
81761
81774
81776
81850
81857
81869
81893
81912
81925
82107
82156
82163
82171
82176
82179
82196
82212
82234
82251
82266
82272
82279
82281
82287
82292
82298
82307
82486
82508
82513
82515
82518
82521
82526
82530
82540
82541
82542
82546
82547
82552
82567
82573
82575
82581
82587
82598
82599
82607
82618
82621
82634
82635
82638
82639
82642
82643
82644
82649
82651
82664
82670
82678
82686
82694
82699
82702
82720
82734
82747
82759
82762
82763
82768
82775
82777
82779
82800
82812
82824
82825
82831
82839
82848
82855
82859
82924
82932
83011
83111
83112
83113
83120
83124
83131
83143
83145
83148
83149
83152
83155
83186
83233
83239
83244
83264
83272
83291
83303
83304
83307
83317
83366
83382
83390
83391
83399
83405
83411
83413
83414
83421
83422
83435
83443
83462
83469
83503
83504
83509
83520
83529
83534
83541
83547
83565
83597
83601
83602
83616
83621
83622
83630
83633
83642
83651
83659
83661
83671
83683
83690
83704
83720
83734
83738
83756
83762
83774
83779
83799
83815
83822
83827
83831
83832
83834
83844
83856
83862
83875
83879
83883
83885
83903
83906
83910
83916
83934
83950
83956
83961
83965
83969
83976
83989
84007
84010
84026
84030
84032
84041
84042
84052
84060
84062
84084
84103
84129
84140
84161
84168
84172
84176
84184
84185
84203
84210
84215
84226
84234
84255
84262
84275
84281
84302
84319
84320
84325
84331
84342
84348
84364
84365
84372
84373
84375
84381
84385
84387
84389
84397
84403
84413
84416
84438
84511
84516
84519
84521
84531
84553
84555
84563
84581
84588
84596
84597
84604
84606
84607
84624
84636
84656
84723
84725
84734
84737
84746
84749
84761
84769
84776
84780
84788
84808
84825
84827
85002
85013
85019
85020
85035
85040
85059
85067
85072
85077
85079
85168
85173
85176
85177
85187
85198
85205
85208
85211
85246
85257
85269
85271
85272
85280
85291
85293
85299
85314
85319
85320
85332
85333
85348
85349
85372
85390
85394
85401
85406
85418
85419
85424
85427
85432
85439
85440
85445
85459
85464
85482
85488
85496
85502
85511
85516
85517
85522
85526
85539
85540
85559
85567
85570
85571
85572
85576
85586
85593
85621
85627
85631
85645
85653
85656
85663
85675
85686
85710
85716
85724
85725
85726
85728
85731
85738
85739
85741
85744
85751
85753
85757
85768
85789
85792
85796
85798
85804
85829
85839
85860
85863
85875
85883
85886
85889
85903
85908
85909
85913
85914
85926
85931
85939
85945
85951
85953
85963
85966
85972
85982
85991
85992
85994
85996
86004
86008
86021
86026
86042
86047
86048
86051
86062
86073
86080
86083
86091
86092
86097
86098
86102
86106
86113
86122
86124
86128
86136
86150
86155
86157
86158
86165
86178
86191
86196
86199
86209
86211
86228
86233
86236
86240
86242
86250
86253
86260
86270
86287
86288
86290
86299
86302
86305
86312
86322
86339
86356
86362
86382
86384
86432
86435
86440
86444
86474
86489
86525
86526
86531
86533
86536
86544
86547
86560
86573
86578
86580
86582
86593
86594
86595
86709
86715
86717
86719
86720
86725
86728
86759
86763
86778
86783
86793
86799
86809
86810
86812
86814
86818
86819
86820
86822
86827
86830
86840
86866
86868
86876
86881
86887
86889
86896
86899
86916
86924
86926
86946
86949
86964
86965
86977
86979
86989
86990
86993
86996
87000
87006
87014
87016
87020
87034
87039
87043
87053
87055
87056
87066
87067
87069
87070
87074
87075
87077
87078
87084
87086
87092
87114
87121
87131
87137
87139
87160
87162
87165
87167
87172
87173
87179
87184
87214
87227
87236
87242
87255
87261
87264
87267
87268
87269
87277
87299
87302
87310
87318
87321
87337
87342
87345
87356
87361
87364
87373
87379
87390
87394
87404
87415
87424
87426
87430
87432
87437
87439
87445
87447
87464
87471
87476
87487
87488
87494
87496
87498
87499
87501
87505
87508
87510
87525
87532
87533
87541
87583
87589
87601
87602
87604
87612
87614
87632
87652
87656
87657
87658
87659
87696
87717
87725
87752
87753
87759
87771
87785
87789
87797
87812
87814
87816
87832
87837
87842
87856
87952
88031
88148
88152
88159
88167
88172
88173
88174
88177
88182
88183
88195
88197
88203
88207
88208
88244
88246
88257
88258
88260
88264
88278
88280
88281
88284
88285
88287
88313
88319
88331
88332
88335
88341
88343
88351
88352
88359
88367
88368
88370
88372
88379
88384
88417
88421
88434
88436
88439
88446
88451
88458
88462
88466
88467
88468
88471
88475
88485
88497
88504
88511
88516
88518
88534
88542
88545
88564
88568
88572
88574
88590
88597
88615
88620
88626
88635
88646
88648
88661
88664
88668
88719
88739
88740
88742
88750
88779
88786
88790
88792
88795
88806
88807
88810
88811
88817
88820
88836
88839
88841
88845
88850
88853
88857
88860
88863
88865
88871
88873
88892
88895
88897
88905
88908
88912
88924
88926
88940
88944
88949
88951
88963
88965
88970
88976
88984
88987
88988
88989
88991
88994
89002
89003
89004
89006
89008
89014
89022
89029
89031
89036
89038
89044
89046
89048
89070
89099
89100
89105
89109
89110
89141
89143
89155
89167
89168
89169
89179
89195
89202
89203
89207
89211
89213
89215
89216
89217
89218
89230
89244
89252
89258
89262
89269
89270
89277
89279
89289
89290
89292
89297
89301
89303
89307
89317
89321
89323
89327
89329
89332
89353
89369
89386
89387
89393
89394
89395
89397
89399
89406
89407
89409
89413
89416
89419
89424
89425
89440
89443
89445
89447
89449
89452
89453
89455
89456
89471
89481
89482
89497
89506
89508
89509
89525
89529
89530
89533
89540
89546
89548
89549
89565
89567
89572
89573
89574
89575
89576
89597
89606
89609
89611
89613
89615
89617
89626
89642
89643
89653
89655
89659
89681
89685
89698
89699
89731
89736
89738
89741
89753
89756
89757
89758
89770
89781
89790
89792
89793
89796
89798
89799
89800
89805
89810
89821
89824
89826
89828
89841
89849
89850
89857
89866
89875
89876
89877
89888
89889
89891
89898
89900
89901
89904
89905
89908
89913
89915
89916
89920
89922
89925
89935
89938
89941
89946
89948
89952
89954
89960
89964
89968
89971
89973
90006
90007
90011
90012
90017
90029
90031
90037
90038
90052
90053
90067
90069
90071
90077
90080
90081
90082
90085
90086
90088
90090
90097
90098
90101
90110
90125
90126
90129
90162
90164
90170
90175
90176
90177
90178
90179
90183
90187
90188
90192
90194
90199
90200
90204
90207
90210
90213
90215
90221
90223
90232
90233
90238
90248
90249
90272
90274
90275
90276
90280
90285
90288
90292
90295
90299
90303
90312
90313
90314
90319
90325
90331
90333
90352
90353
90354
90358
90359
90371
90374
90377
90386
90387
90399
90400
90404
90409
90411
90416
90417
90421
90423
90425
90427
90436
90440
90441
90442
90444
90447
90454
90455
90458
90464
90466
90470
90474
90476
90478
90482
90487
90488
90489
90490
90492
90494
90496
90505
90507
90515
90520
90531
90533
90534
90535
90536
90538
90539
90540
90542
90544
90547
90548
90550
90556
90558
90561
90562
90564
90568
90569
90590
90591
90600
90601
90603
90604
90605
90608
90614
90634
90636
90637
90640
90643
90657
90664
90665
90666
90672
90679
90687
90700
90706
90708
90710
90711
90715
90716
90718
90720
90722
90730
90733
90734
90735
90742
90748
90751
90752
90756
90760
90763
90775
90776
90778
90779
90783
90786
90789
90791
90792
90795
90803
90805
90806
90807
90808
90814
90824
90825
90829
90831
90833
90849
90856
90862
90865
90867
90868
90870
90871
90874
90875
90880
90885
90893
90900
90901
90907
90909
90914
90925
90926
90940
90942
90948
90949
90951
90952
90954
90955
90956
90957
90958
90961
90963
90964
90966
90968
90969
90971
90978
90979
90983
90984
90988
90989
90992
90993
91014
91015
91018
91020
91021
91024
91032
91033
91040
91041
91050
91063
91066
91068
91069
91073
91075
91078
91080
91083
91086
91088
91090
91095
91096
91099
91100
91103
91109
91114
91128
91136
91141
91143
91152
91154
91161
91167
91171
91176
91184
91186
91187
91192
91201
91204
91207
91215
91233
91234
91237
91262
91269
91270
91274
91277
91278
91279
91283
91285
91286
91287
91299
91348
91349
91350
91351
91355
91356
91357
91359
91360
91363
91364
91365
91366
91371
91373
91379
91391
91392
91395
91397
91400
91402
91403
91405
91406
91407
91408
91413
91416
91418
91419
91421
91422
91428
91431
91432
91434
91446
91461
91463
91468
91471
91472
91485
91486
91488
91491
91495
91498
91500
91501
91503
91507
91514
91515
91516
91517
91531
91547
91556
91571
91575
91579
91581
91594
91603
91605
91606
91608
91609
91611
91612
91613
91614
91615
91616
91618
91622
91623
91625
91627
91630
91650
91654
91658
91659
91661
91665
91666
91668
91670
91672
91674
91678
91683
91688
91692
91727
91729
91731
91733
91736
91741
91742
91743
91750
91752
91754
91814
91815
91822
91824
91826
91832
91836
91849
91854
91855
91883
91888
91891
91892
91893
91899
91900
91901
91902
91905
91907
91908
91909
91910
91911
91915
91926
91937
91954
91956
91959
91964
91965
91966
91967
91968
91975
91976
91977
91979
91983
92010
92020
92021
92029
92032
92034
92035
92038
92040
92043
92044
92050
92052
92054
92089
92090
92091
92093
92094
92095
92097
92101
92102
92105
92111
92121
92130
92132
92143
92155
92172
92174
92177
92183
92184
92185
92188
92195
92201
92203
92205
92207
92210
92213
92220
92221
92223
92226
92227
92229
92232
92239
92243
92245
92252
92254
92257
92282
92293
92294
92296
92302
92303
92308
92318
92319
92320
92322
92326
92332
92345
92354
92378
92395
92400
92402
92421
92428
92429
92432
92433
92443
92445
92448
92449
92450
92453
92454
92456
92457
92460
92464
92465
92466
92467
92468
92469
92471
92478
92486
92493
92497
92502
92506
92521
92523
92527
92528
92530
92535
92555
92557
92558
92560
92570
92571
92582
92583
92587
92588
92589
92593
92594
92596
92597
92601
92602
92611
92614
92618
92619
92621
92635
92636
92640
92648
92655
92665
92669
92670
92681
92685
92686
92687
92688
92692
92694
92696
92697
92709
92716
92729
92753
92758
92763
92765
92771
92772
92773
92775
92777
92778
92780
92782
92797
92805
92807
92808
92809
92810
92851
92852
92854
92870
92871
92872
92873
92874
92878
92890
92894
92897
92902
92913
92917
92919
92921
92924
92931
92934
92935
92936
92940
92942
92983
92984
92987
92988
92990
93004
93012
93016
93031
93035
93040
93043
93044
93047
93048
93052
93056
93065
93069
93071
93073
93079
93080
93083
93085
93087
93089
93091
93095
93096
93098
93101
93106
93111
93126
93128
93130
93131
93132
93141
93149
93150
93152
93174
93175
93177
93179
93184
93185
93188
93189
93190
93191
93222
93223
93224
93225
93230
93233
93234
93235
93237
93239
93246
93264
93265
93266
93270
93271
93272
93273
93274
93285
93289
93290
93295
93300
93301
93302
93304
93305
93307
93310
93312
93313
93317
93330
93339
93344
93345
93347
93352
93353
93355
93356
93368
93369
93371
93372
93373
93374
93382
93384
93387
93391
93392
93393
93397
93398
93399
93400
93401
93418
93420
93422
93423
93426
93428
93429
93433
93434
93436
