50906 19910601 19990801
50906 20070702 20101212
85041 19910601 19970519
27991 19910601 19991003
10517 20101213 20170801
78049 20090609 20101130
78049 20101201 20101210
79678 20020117 20080709
61241 20130923 20170319
11042 19921201 19960331
11149 19910601 19921130
75618 19910601 19930930
51721 19910601 20030815
28804 19910601 20160512
42083 20061117 20110510
11691 19910601 20140323
71271 20120306 20170801
10137 19910601 20001210
45911 20100727 20150311
93330 20130213 20170801
57904 19910601 19990527
13056 20040503 20120430
65111 19910601 19971112
81285 19980803 20020512
23544 19951227 20030112
10460 19910601 19970731
85257 19970808 20130922
60871 19910601 19991011
14323 20061002 20071227
45583 19910601 19960715
29102 19910601 20001017
29102 20150323 20170801
64397 19910601 19941031
39490 19910601 19970727
14702 19910601 19950315
15035 19920102 20001212
29209 19930401 20170801
21143 19910601 20000709
24272 20081114 20170801
15553 19910601 20111212
24301 19910601 19980227
15684 19910601 19990321
15721 20091221 20160118
27684 19910601 20170801
40416 20150323 20170801
58755 20100928 20110125
16548 19910601 20170801
55781 19980108 20070531
49656 19910601 19950330
61938 20071120 20140401
16890 19910601 20070109
71298 19910601 19931031
65509 19910601 20090401
43772 20141205 20170801
42438 19910601 20010829
85914 19950316 19990629
17815 19910601 19981015
85640 19971216 20000702
61516 20081124 20170801
11983 19910601 20000130
61946 19910601 20170801
62519 19960105 20070103
93159 20160330 20170801
18570 19910601 20140608
52230 19970219 20001204
87146 19991201 20120409
66130 19910601 20071028
10823 19910601 19980529
10874 20131223 20170801
55597 19910601 19980924
77465 19941101 20000727
19880 20001018 20011009
19888 20000510 20000824
59686 19910601 19960111
20117 19991018 20170801
20240 19920601 19960903
20248 19910601 19971015
46690 19911001 20170801
49402 19910601 19950124
51414 19910601 19990103
69796 20020506 20050704
21371 19910601 19970526
27334 19910601 20170801
20618 19910601 20040226
20618 20070614 20170801
26374 19910601 20010920
21742 20150626 20170801
40707 19910601 20030328
22016 19910601 19991006
22032 19990722 20041219
22075 19910601 19971215
64557 19910601 20030217
64557 20090402 20160413
42710 19910601 20000904
60599 19910601 19990324
22497 19910601 19911130
22753 20060829 20081102
21960 19910601 20001001
23297 19910601 20170801
23318 19910601 20001123
21282 19910601 20010730
23393 19910601 20151228
79026 20160624 20170801
47677 19980128 20110103
22947 19910601 19940930
23660 19910601 20010228
65533 19910601 20050425
23916 19910601 20151030
67459 19910601 20070529
23975 20111219 20170228
66878 19910601 20030807
27422 19910601 20001002
27422 20070827 20091220
27422 20140402 20150426
24476 20170320 20170801
24687 19910601 19930228
24935 19990315 19991121
61735 19910601 19960422
61524 19910601 20010416
25081 19910601 19951130
25129 20080606 20170801
30680 20060601 20170801
41064 19910601 20000802
25487 19910601 19950430
25487 20060801 20081123
25487 20160919 20170801
40125 20151201 20170403
26332 19990104 20010401
41929 19961203 20151014
26586 19910601 20000831
23229 19910601 19990502
57250 19910601 19940831
38914 20010402 20071108
27430 20170213 20170801
65541 20110401 20160922
27255 19910601 19960223
27511 20070423 20111218
27511 20161006 20170801
27562 19910601 20080723
27562 20150702 20170801
20204 20041220 20170801
38420 19910601 20090316
53575 19910601 19970113
27888 20030905 20170801
18091 20160201 20170801
83186 19990706 20170801
19828 20080930 20170801
92570 20150123 20170801
49680 19910601 19981117
28840 19910601 19980330
28979 19910601 19970707
22859 19981118 20111122
63554 19910601 20011223
24002 19910601 20020801
61743 20041220 20170801
76708 19991027 20090608
76708 20121001 20170801
45874 19910601 20000914
29752 19910601 19980326
65226 20060131 20081021
29859 19911101 19950728
29867 19921001 19950402
40440 19910601 20170801
49429 20170228 20170801
30382 19920901 19980715
61313 19910601 20170801
38682 20121212 20160927
30681 19910601 19971223
30737 20100412 20161110
30780 19910601 20030626
43385 19910601 19940731
88590 20001003 20081201
88590 20170405 20170801
30884 19910601 19950711
25072 19991001 20070531
30940 19910601 20081001
30948 19910601 19920831
12008 20001102 20091220
12008 20160819 20170801
11754 20101220 20111031
31500 20010622 20170801
21039 19910601 19951106
54391 19910601 20070928
77481 19930601 19991025
26470 20071109 20170801
32791 19980528 20050721
32986 20091014 20170801
47511 19910601 19961202
62842 19910601 19951005
52476 19910601 19970618
24328 20010402 20081218
50788 20110713 20170801
42550 19940901 20001001
42550 20100413 20170801
87717 20001213 20071009
19166 20020102 20090818
53866 19910601 20010805
21338 19910601 20001128
58413 20071221 20160131
47706 19910601 20100630
21135 19910601 20090312
34746 19910601 19960307
35044 19910601 19980827
10342 20040701 20060312
35167 19991029 20160815
35204 19910601 19980331
66157 19910601 19951022
35263 20090304 20170801
35554 20001129 20040226
35706 19910601 19951026
36274 19910601 20001025
36397 19910601 20020505
36397 20130624 20170801
52265 19910601 20030701
53209 19960423 19981119
49875 19910601 19961223
22496 19910601 19990621
56784 20060313 20071118
49031 19910601 20010326
88924 20081119 20170801
41726 20001026 20010621
45241 19910601 20001121
37234 20010904 20030731
37234 20030801 20130630
37584 19910601 19980428
62877 19910601 19950730
37875 19910601 20030217
12036 19910601 20170801
38093 20001213 20160530
20765 19910601 19991003
66931 19910601 19950402
55212 19981007 20150924
38659 20010207 20170801
38982 19910601 19980329
57154 19931001 20070701
45428 19910601 20011120
60441 19910601 19970806
39483 19910601 19970522
39571 20030702 20170801
32379 19910601 19911031
67571 19950403 19960312
83233 20080922 20170801
19721 19960816 20040630
90213 20040701 20080318
43238 19910601 20000831
59301 19931001 20000730
25582 19991108 20080921
25304 19910601 20150630
41100 19910601 20001126
41187 19910601 20170801
65947 20071109 20090129
64979 19910601 20000416
41452 20160601 20170801
32707 19991231 20100228
41807 19950530 20050831
52716 19970506 20170801
32803 20110701 20170801
42439 19910601 20170801
32870 19961224 20090303
44986 19910601 20010708
65285 20030819 20090303
32942 19940401 20170801
42877 19940301 20150630
38973 19980130 20100226
75227 19930301 20010928
12570 20111101 20170801
80210 19940901 20170801
21928 19910601 20170801
23720 19910601 20000201
43610 19910601 19930531
51633 19910601 20170801
43976 19910601 19920930
44194 19910601 19990817
12458 19980701 20010708
65293 20071010 20100411
44506 19951023 20170801
77855 19990104 20090119
45103 19910601 19980107
45277 19910601 20010903
45277 20140623 20150406
45306 20121001 20170801
53129 19910601 20001002
27705 20000901 20150113
84226 19991122 20170801
68494 19910601 19950402
53065 19910601 19920930
76745 19970303 20040920
24416 19910601 19950702
21370 19910601 20010327
52329 19910601 20071025
82694 20160701 20170801
86804 20040227 20130228
51596 19980701 20001211
24432 19910601 20170801
12650 19910601 19990404
12650 20071207 20130523
24053 20000830 20170801
33312 19951116 19970716
47205 19910601 20030217
47248 19980401 20051009
47379 19910601 20091220
44134 19910601 20170801
64995 19910601 19940228
60521 19910601 19970829
59045 20090909 20170801
48267 19910601 19951213
48291 20010606 20051027
76512 19910601 19950402
48486 20001003 20120604
48523 19920201 20170801
48531 19910601 20020101
48531 20160225 20170801
48961 19910601 19980226
59053 19910601 19990601
50286 19940901 20080914
60943 19910601 19991017
65330 19991019 20060423
65330 20161202 20170801
52708 20000710 20051003
20415 20001211 20070826
81678 20060602 20170801
49729 19910601 19990705
26294 19940701 20010402
49905 20140324 20170801
59352 19910601 19961222
24360 19980601 20000820
53612 20010702 20040502
50092 19910601 20070422
56223 20061110 20170801
23827 19910601 20001210
43721 19910601 20110918
22373 19910601 19971201
66245 20060201 20160531
23835 20010328 20170801
34067 19910601 20010404
50877 19910601 19950109
51351 19910601 19920531
43668 19910601 19980331
67328 19920701 20000907
51706 19910601 20020210
51781 19910601 19930930
52090 19910601 20030320
81061 19950125 19990112
59942 19910601 19970302
52258 19910601 19931031
50972 19910601 20081123
52434 19910601 19920909
77896 19920910 19940831
52813 19910601 20170402
52821 19910601 19980222
52840 19910601 20070304
42796 20110104 20170801
52944 19910601 19960409
53050 19910601 19931231
14696 20170329 20170801
53381 20020425 20061031
75298 19910601 20010531
53480 20090605 20140903
53613 19910601 19940926
53640 20160119 20170801
76492 19950703 19990312
54114 19910601 20170801
54253 20051028 20170801
24248 19910601 20040920
54704 19910601 20090211
54827 19910601 19991130
24256 19910601 20020210
55117 19910601 19951226
55213 19910630 19960310
55213 20030313 20080622
21290 19910601 20000521
12058 19910601 19951115
28345 19910601 20050814
69550 19910601 20040422
47773 19910601 20010701
84372 19970102 20000103
84372 20071001 20170801
25590 19910601 20170801
52337 20160418 20170801
56630 19910601 19950702
34497 19910601 19971027
56937 20070530 20101004
57155 19910601 19950307
57171 19910601 19940831
38658 19910601 20131219
23499 19910601 20000322
64450 20160308 20170801
79542 20011010 20070404
24096 19910601 20080916
47466 20101220 20170801
57534 20010301 20070403
61815 19910601 20071007
57809 19910601 20170801
44206 19910601 20090316
38762 19910601 20001101
58246 19910601 19980129
58318 20081106 20170801
58393 19980605 20000904
90458 20160923 20170801
58481 19970527 19990426
53639 19910601 19990614
58975 20080930 20170801
34841 19960816 20020116
24440 19910601 20170801
59345 19970728 19991201
13610 19910601 20170801
64063 19940801 20000315
63714 19970808 20150817
25232 20010830 20100314
51457 19910601 20111003
60186 20090317 20170801
77157 20161202 20170801
60679 19910601 19970430
54463 19950308 19990603
61138 20030320 20080804
58675 19910601 19990505
61621 19920101 19980930
60687 19910601 20170801
18403 20131202 20170801
13586 20120929 20120930
62034 19910601 20120928
52898 20030218 20170801
13936 19920901 19950529
13936 20070329 20130213
62894 19910601 19980116
51692 20020722 20070102
63096 19910601 19930930
24459 20170301 20170801
80185 20001211 20170801
60695 20030218 20071106
63483 19910601 20001220
45858 19910601 19970701
49744 20010709 20170801
23501 19910601 20071108
63830 19910601 20070531
69075 20001027 20040603
64486 19980828 20150201
64531 19910601 19951226
64531 19960102 19980830
22613 19910601 19981102
55511 19910601 20170801
25443 19910601 20090206
64769 19910601 19941031
20183 19910601 19981230
65024 19910601 19990731
65024 19990801 19990803
87043 19990804 20041219
27756 19910601 20061130
27756 20100701 20160916
69649 20031113 20170319
65307 19910601 20170801
52775 19910601 19990726
58771 20091209 20170801
76711 20040227 20131222
75793 19910601 19960508
66799 19910601 20061026
26737 19910601 19970101
25312 19910601 19971222
64477 19950403 19960507
36003 19910601 20170801
91556 19980716 20091220
45495 20140819 20170801
67847 20120605 20170801
54818 19920801 20140128
62383 20040401 20111218
68161 19970613 20011206
68196 20000901 20170801
68340 19980401 20100927
76122 19990506 20000829
22840 20120702 20140814
68938 19910601 19971026
67715 19910601 19990815
23085 19910601 20090101
77075 19950403 19980807
77354 19950731 20131222
69199 19910601 20030217
69220 19910601 19950223
69607 19910601 19960815
62690 19910601 20030427
61049 19910601 19980331
50948 20000619 20150630
70018 19910601 20011010
51625 20071105 20170801
70077 19910601 19980331
54412 19910601 20010108
70536 19910601 19940831
65402 20131105 20170801
45794 19910601 20061001
70923 20011207 20130926
42585 19910601 20081105
71176 19910601 20170801
49437 19910601 20001107
55204 19910601 19981026
76091 20081124 20120326
71686 19910601 19990228
58683 19910601 19940630
61188 20160701 20170801
63765 20051222 20080605
63765 20170404 20170801
25283 19910601 19970801
72696 20151002 20170801
72494 19910601 20001031
71124 19910601 19990922
72726 19910601 19970817
65074 19960722 19961007
65074 19980401 20000402
72961 19910601 20020930
58464 19910601 20050831
73075 19910601 19981019
73139 19910601 20001211
72733 19910601 20071203
26454 19910601 19990610
44951 20120501 20160831
52396 19940901 20041219
73753 19910601 19960117
73940 19910601 20001210
74230 19910601 19990812
37161 19910601 20011009
66333 19910601 19970721
15560 20110701 20120930
77722 19940801 20060905
43123 20150702 20170801
44329 19910601 20170801
63773 19910601 20170801
75257 20111221 20130630
66114 20071231 20120213
51369 19910601 19991114
51369 20131223 20170801
62092 19910601 19970101
38578 20040803 20120515
76081 20040402 20170801
76100 20081202 20151007
76129 20000728 20100409
50606 19910601 20150726
76209 19990816 20041219
14795 20050830 20170801
48696 20000410 20050729
14816 20010116 20170801
60580 20150925 20170801
61663 19910601 19990919
55001 19910601 20170801
76185 20141205 20170801
77730 19910601 20050810
17929 20081002 20170801
50278 20071116 20141016
79244 19990325 20010605
78044 19910601 20040121
78263 19970403 19980930
63781 20081031 20150701
59300 20030128 20160306
92655 19910601 19940630
51588 19910601 19980127
78829 20161207 20170801
79119 19910601 19940331
25937 19910601 19950511
79250 19910601 19920630
79338 20060420 20140420
79354 19910601 19981231
59619 19910601 20170801
16555 19910601 20141102
79637 20011121 20140921
26606 19910601 20080714
80128 20090701 20170801
37807 20000619 20170801
63044 19910601 20000530
27043 19910630 19990404
27043 20020515 20070211
80515 19990204 20020131
57808 19950818 20170801
15202 19950403 19990630
50200 19910601 19930930
56063 20070202 20110630
51932 19910601 20030515
21231 19910601 20170801
53225 19910601 20071230
53225 20140922 20170801
66376 20101004 20170801
81702 19910601 20040226
61233 19951006 19980527
68187 20041201 20170801
62498 20150709 20170801
66384 20050614 20090630
82668 19990923 20070717
82924 20061116 20170801
82959 19910601 19950817
64135 20090624 20131017
83011 19990928 20170801
83030 19910601 20101219
23536 19910601 20081030
58819 19910601 20160630
25099 20020211 20070221
38375 19910601 19990901
84403 20081219 20170801
15456 20040802 20160403
83601 20041220 20170801
59483 20050314 20090629
84129 19980120 20010624
90756 20060424 20170801
13429 20120702 20170801
72996 20150114 20170801
47395 19910601 19960104
88664 20001213 20170801
87055 19910601 19930930
86167 19920701 20000928
68304 19910601 19980630
15318 19971028 20170801
89341 19981120 20001008
80072 20090102 20170801
90609 19910601 19910930
88867 20090120 20110818
70332 19910601 19970727
90537 19970501 20010115
90537 20150720 20170801
91695 19910601 19920131
10095 19910601 19941130
68013 19910601 19940831
85869 19910601 19960721
10147 19940101 19960327
38149 20100301 20141121
67467 19960821 19980119
67467 20130214 20170801
69032 19910601 19950921
77712 19941215 19990531
77712 19990601 19990624
90879 19910601 19941130
90879 19941201 19941214
90879 19990625 20051221
10078 19910601 19920731
10138 19960311 19991012
88373 20111208 20170801
10108 19970303 20020721
10182 19980701 20170801
10143 20090313 20100602
10302 19910601 20080929
10302 20110228 20170801
10299 19910601 20000402
10324 19910601 20011213
10333 19910601 19950402
10397 20030218 20170801
10279 19910601 19911231
76565 19970702 20011106
76565 20070302 20140124
70033 19910601 20000130
70228 20030114 20170801
79698 20031103 20170404
87030 19990727 20030930
87030 20031001 20031102
10606 19910601 19991018
70113 19910601 19930331
79785 20070405 20170801
75070 20111219 20170801
10178 19910601 19970930
75510 19910601 19970505
79903 19990624 20110630
75469 19910601 20001105
75596 19910601 20001212
10691 19931101 20050429
10693 19910601 19970107
10693 20161104 20170801
89841 20150407 20170801
75232 19910601 20020616
10716 19970806 19981231
10696 19920701 20010401
75518 19910601 19920831
10765 19910601 19951220
69489 19910601 19961222
10791 19910601 19950117
76563 19950712 19980709
70092 20091221 20170801
10818 19910601 19990103
70500 19910601 19981007
75224 20040227 20060131
35124 20030218 20170801
10909 20070212 20100429
10942 19980501 19991026
75222 19910601 20001031
10032 20001212 20070401
70308 19960816 20090908
89105 20050901 20110227
89105 20151008 20170405
71001 19970807 19991123
20053 20080102 20170801
20088 19981020 20000704
49403 19910601 19940731
56275 19991026 20040930
64515 19980824 20040630
77453 20150709 20170801
71984 19910601 19950529
71909 20010829 20061109
68312 20070531 20110701
77081 19930701 20051209
67862 20010327 20080515
80037 19990604 20070708
11211 19910601 19960925
10827 19910601 19950710
11192 19981016 19990517
11283 19910601 19990927
11291 19910601 19970302
11353 19910601 19961103
11345 19910601 19970826
64390 19910601 19970803
11415 20001212 20060226
11000 19910601 19980929
11382 19980120 20131104
11371 19910630 20050130
11378 19910601 19990427
11384 19910601 20001212
11422 19910601 19940831
11403 19910601 20170801
11170 19950110 20000313
11475 19910601 19970901
75341 20071001 20170801
75066 19910601 19970902
13627 20130524 20170411
75101 20011217 20110913
75068 19950711 19971029
75053 19910601 19961203
11307 19910601 19930930
75107 20160330 20170801
11626 19910601 19930630
75100 19910601 20000620
11600 19950118 20081113
75002 19910601 19960815
10451 19910601 19970218
11533 20030331 20170801
11723 19910601 20010828
11761 20001212 20010411
77641 19950403 19970529
75186 19910601 19970601
77080 19960410 20001212
89686 20070718 20130213
87281 19991201 20051006
11809 20081028 20170801
11731 19910601 20030217
10594 19971016 20020106
22074 19910601 19970408
88197 20081111 20170801
89502 20050131 20050224
89502 20050228 20120731
24628 20010625 20090623
85789 20080924 20170801
11618 19951201 20080914
11958 19910601 19990502
82107 19990616 20140921
11896 19951214 20000509
11913 19910601 19970929
75902 19910601 19961212
84769 20041001 20080929
10180 20150202 20170801
75182 20101111 20170801
75577 19910601 20000417
75241 19940101 20080923
75259 19910601 20041024
75285 19950501 20170801
10967 19910601 19960204
75308 19910601 20000403
75316 19910601 20170801
75228 19910601 20060125
11955 19960508 19980716
11081 19910601 19960905
75318 19910601 19940630
90044 20071107 20111104
11970 19921001 20000531
12067 19991004 20000618
75573 19910601 19990623
75573 20101220 20170801
12094 19910601 19940930
11976 19910601 19980930
75326 20010725 20131222
75339 19910601 19910930
75339 19911001 19911029
17743 20030428 20170801
59126 19990920 20070824
59396 19970804 20170801
75880 19910601 19990128
75422 19910601 19960820
12265 19990518 20050530
78664 20130509 20170801
12074 20010918 20110531
87137 19990818 20000829
12062 19931101 19971216
75333 19910601 19931031
76499 19910601 19931231
75383 19910601 20110427
75444 19910601 20071220
77579 19970722 20040802
11992 20160901 20170801
58094 19980401 20020716
75789 19910601 19920101
61671 19910601 19970731
85269 19970812 20040428
75591 20070802 20170801
80297 20001129 20061024
75625 19931001 19950521
75625 20010806 20020424
75621 19910601 19970728
10375 19971216 20170801
75694 20041201 20170801
63467 20021108 20170801
75615 19910601 19970805
12076 20111111 20150728
75489 19931201 19981006
75646 19910601 19920131
75607 19910601 20030330
13752 20170301 20170801
75654 20140922 20170801
75603 19910601 20030312
75603 20160922 20170801
76070 19920201 19920630
80422 19980717 20081113
75854 20000830 20071119
78717 20030218 20071129
75828 19950522 20020721
75834 19910601 19971203
10725 19970930 20000618
86845 20020107 20060605
75660 20010109 20010917
75850 19950403 19970701
10906 20000621 20050301
52936 20050901 20170801
75857 19951027 19981230
11786 20001002 20170801
10562 19980710 20040630
81577 20030808 20170801
10932 19990902 20170801
75858 20001211 20100930
75933 19910601 19941031
75819 19960112 19980430
89207 20070523 20111031
11369 20170412 20170801
13831 20130502 20170801
14102 20160209 20170801
10629 20160216 20170801
14011 20130701 20140818
14076 20130903 20170801
14141 20130930 20170801
75912 19910601 19970402
75912 20070103 20170801
75888 20010417 20060823
14401 20140203 20170801
14487 20140303 20170801
14637 20140609 20170801
14608 20170419 20170801
75910 19910601 19920531
14684 20140701 20150802
14619 20140602 20141216
77300 20031103 20170801
14763 20150803 20170801
14939 20141103 20170801
14632 20140602 20170801
14638 20140529 20170801
66325 20140501 20170801
14682 20140630 20141130
82196 20050722 20090401
82196 20150323 20170319
76076 19910601 19931130
76085 19990528 20070302
76095 20071023 20160329
76101 20000531 20050313
76142 19910601 19970625
76104 19960226 19980826
76391 20060403 20121211
14941 20141103 20170801
76135 19911201 20170801
15029 20141201 20160224
78981 20090120 20170801
76138 20071214 20170418
76146 19931001 19980924
76136 19990628 20170801
14926 20141001 20170801
76671 19941101 19971204
76671 20040227 20150821
15071 20170405 20170801
85875 20090130 20170801
76887 19980925 19990801
89485 20060915 20101110
76194 20020801 20040121
76173 19910601 19950402
76201 19910601 19991107
15091 20141217 20170801
15142 20150116 20170801
76214 19990630 20070510
76248 19941101 19970401
15168 20150210 20170319
15398 20150701 20160131
15398 20170105 20170801
76240 19910601 20020514
76230 20080623 20170801
11644 20081022 20120205
76219 19910601 19980823
76219 20100310 20120305
76263 19910601 19980604
15279 20150427 20170801
15400 20150701 20170801
76477 20040429 20170801
76475 19910601 19950402
15395 20150701 20170801
76504 20051028 20170801
76507 20000915 20030904
88284 20030331 20161005
76584 19941001 20160404
56354 19910601 19960121
76614 20111219 20130430
76615 19940701 19970807
76619 20030218 20050829
76620 19980810 19990527
76625 20040227 20081116
76644 20140702 20170801
76653 19951107 20081028
76656 19990405 20000615
76638 19950530 20011216
76664 19971113 20011009
76695 20090223 20170801
76702 19950512 20070613
88275 20030701 20050916
76709 20080703 20170104
76712 19931001 19981001
76716 20001205 20020212
76684 20110606 20170801
76766 19920601 19931130
76757 19970409 20001210
88031 20061027 20120628
76744 20001101 20130922
76754 19941001 19960211
90277 20081114 20110712
76779 19970108 20040729
76795 20031103 20170801
76792 20000131 20100726
76841 20000616 20031112
76845 19990104 20091013
77032 19960328 19990103
77045 19970702 20001001
89213 20041025 20170801
77049 19950922 19970612
77063 19950224 19980927
77037 20131223 20170801
77120 19990129 20100601
77217 20150612 20170328
77179 19970818 20000229
77182 19931101 20111218
77178 19980401 19990721
77173 19990331 20001211
77239 20090402 20170801
77274 19990503 20040630
77284 19931001 19980331
77292 20001101 20081218
77281 20020515 20060102
77338 20060331 20091222
77357 19971205 20170315
77366 19940901 20091220
77461 20000309 20081110
77461 20110819 20140202
77405 19960313 20010708
77418 19960212 19990103
77464 19970708 20001026
77421 19980901 20120807
77426 20001213 20070801
77472 20001106 20071001
77496 19990405 20131222
90197 20040921 20070420
77520 19970602 20170801
77606 19940927 19980813
77608 20061110 20071113
77649 19980827 20170801
77659 19960205 19990930
77661 20020211 20050704
77668 19991202 20030925
84776 20110718 20140601
77708 19961204 20020101
77702 19970520 20000607
90352 20000202 20001002
90352 20091221 20110330
77763 20070305 20170801
77793 19960401 19960709
15598 20150818 20170801
77857 20090102 20170801
77902 20020425 20170801
77918 20161129 20170801
77976 19971202 20081222
77803 19960926 20060828
78001 20001201 20080803
78015 19960118 20170801
78033 20010412 20151027
78034 20010823 20051010
78038 20001108 20080702
78089 20110114 20170801
78180 19950731 20000130
78788 19941201 19960815
78139 19950331 19990103
78139 20120103 20141208
78170 20101220 20170801
78156 20111219 20150719
91128 20131018 20170801
16004 20160502 20160502
16279 20161004 20170801
78825 19971027 19990805
78928 19950403 19990615
78927 20041001 20070322
78875 20011224 20170801
15702 20151017 20170801
78881 20151008 20151016
78916 19951221 19990411
78975 19981001 20001210
78999 20040423 20090119
78987 19980831 20070906
78977 20120808 20160415
78963 20030218 20170801
79089 20090630 20120403
79089 20160105 20170319
79075 19981001 20001204
79108 19990503 20000620
79121 20000905 20090713
79133 20080213 20170801
79103 20030905 20090326
88597 20140501 20170801
79094 19990427 20010129
79094 20141105 20170801
79210 20081030 20170801
79212 20021001 20041228
79175 19970523 19980607
79157 19991124 20071012
79233 20160307 20170801
79237 19960904 19991230
79238 20141020 20170801
16340 20161007 20161009
79299 19990322 20030217
79299 20161202 20170801
79265 20080623 20090101
18649 19960122 20140622
79449 20151028 20161130
79452 20071130 20170801
79411 20020722 20121004
79532 19980814 20010618
79545 19970717 20111218
16431 20161111 20170801
79564 20000417 20011009
79564 20140623 20170801
79617 20080715 20081201
79588 20091221 20140323
79667 19970728 20130929
79668 20140701 20170801
79758 20031021 20110630
79686 20101111 20170801
79683 20000803 20060731
79782 20050426 20170301
79857 20011107 20170801
79888 19931201 19980802
79906 20000403 20030319
79839 20090327 20150630
79881 20040901 20100207
79881 20170320 20170801
79915 20040330 20101219
79879 20131223 20150802
79796 19990113 20150115
79847 20050302 20070522
79859 20011011 20170801
80032 20080602 20130212
80055 19990528 20000402
80074 19980223 19980831
79991 20000324 20051204
80049 20000131 20080731
79956 20070423 20080604
80570 19971030 20010429
80079 19961223 20151208
80167 20131224 20170801
80127 19981002 20040930
80183 20131002 20161201
76697 19970402 20160323
80236 20000825 20020514
80204 19970805 20140701
80286 20100603 20140123
80191 19940901 20160630
80193 20051004 20070930
80266 19990802 20001211
80266 20110118 20130623
80361 20100518 20150630
80399 20050705 20130508
88681 20090317 20091231
93223 20100104 20160104
80369 20050406 20061112
80320 20020201 20170801
84584 20080805 20130129
80303 19970626 20030904
80415 20130501 20170801
80432 19991116 20170801
80470 19980429 19991115
80446 20100628 20130730
46392 19990428 20040226
80568 19980327 20001212
80592 19990622 20091220
80526 19981008 19990527
80681 20080915 20140401
80688 20031008 20170801
80691 20021212 20170801
80683 20160330 20170801
80670 20040701 20110502
75318 19940711 19960815
80759 20070511 20140601
80752 19990602 20030923
80774 20170316 20170801
80723 20111003 20151007
80791 19990806 20141102
80797 19980608 20100118
80779 20030321 20170801
80864 20060606 20170801
80913 19990611 20040401
81045 20071114 20150406
81063 19960710 20001212
81055 19970602 19980630
81090 19971224 20000409
81153 19980330 19990330
81138 19990104 20020514
81138 20130701 20151130
81162 20000418 20071115
81178 20010709 20060914
81128 20040122 20130101
81222 20030926 20160215
81266 19970902 19990103
81293 20080605 20091231
81282 19990701 20170801
81481 19981001 20111218
81501 20001221 20170801
81540 20001003 20010829
81541 20160801 20170801
81530 19960906 20090303
81635 19970902 19990817
81654 19980616 20081201
81705 20010720 20030217
81705 20140402 20160919
81736 20061002 20170801
81756 20000323 20020424
81857 20000821 20080128
81671 19950703 19991130
81675 20150824 20170801
81877 19990104 20031020
81677 20071119 20170801
81776 20050815 20070530
81776 20111219 20160403
81882 19990818 20010822
81925 19970827 20030312
82157 20000731 20021208
81917 20011010 20170801
82272 20100430 20170801
82255 19991115 20071204
82303 19990104 20170801
83728 20140103 20170801
82292 19990528 20170801
82298 20161003 20170801
82515 20160127 20170801
82773 19971223 19980615
82307 19980227 20000416
82581 20010921 20150317
82618 20001212 20060419
82584 20001213 20070701
82643 19970619 19990812
82643 20121001 20161128
82546 20010601 20150708
82651 19990813 20020101
82634 20150127 20170801
82607 20150729 20170801
82697 20001003 20040226
82686 19980928 19991130
83974 20000908 20070928
82751 20010830 20040511
82777 20051011 20170801
82837 20060126 20111205
83162 20040512 20060330
82862 19960308 19980630
83124 20000316 20080622
83251 20011001 20071022
83229 19961008 20000323
83421 19981231 20060402
83421 20130524 20170801
83333 19960509 20121001
83366 20110428 20150209
83405 19991201 20160926
83422 19991012 20030128
83553 20000104 20010719
83580 20000505 20001128
83531 19990802 20080508
83453 19980925 20010724
83509 20081205 20170801
83462 20040325 20170801
83459 19980302 19980917
83452 20020213 20120116
88811 20130731 20150331
83616 20060103 20100824
83621 20080801 20170801
83661 20121002 20170801
83602 19960716 20091209
83597 20080917 20170801
83693 19980930 20000504
85824 20071001 20080702
83799 20061101 20130902
83807 20061113 20080212
83879 20071008 20170801
83822 20071016 20161101
83821 19960816 20040329
83862 19990301 20040331
83906 20030516 20081118
83981 19990813 20001130
83977 19961223 19990203
83998 19981103 19991028
83976 19980918 20070328
83976 20131223 20161003
88436 20070601 20150126
88436 20170302 20170801
84001 19990412 20010206
84047 20001129 20041130
84103 19990802 20001002
84103 20051212 20110227
84046 20020513 20040324
84028 19990104 19990730
84636 20170403 20170801
84013 19961104 20010206
84060 20130927 20150121
84107 20011008 20030127
84041 20110601 20170201
84032 20001122 20050313
84075 20011010 20060601
84168 20051007 20161205
84275 20121224 20170801
84238 19991007 20020930
84172 20170302 20170801
84262 20041220 20170801
84348 20160503 20170801
84383 19961213 20011129
84330 20000403 20080101
84377 19970102 19990627
84342 20111219 20131001
84364 19970114 20150218
84373 20000621 20021211
84435 20000705 20031102
84406 20020617 20061115
84416 20060824 20101219
84392 20130301 20170801
84396 19981027 20020731
84519 20091221 20170801
84563 20100104 20170801
88424 20000703 20091208
89508 20021003 20100627
84624 20001211 20151117
84761 20170320 20170801
84767 20071204 20170319
85035 20001205 20150611
85072 20050811 20070201
85067 20150312 20170801
85168 20080710 20151001
85240 19991013 20070820
92245 20070821 20120102
85234 20080129 20170801
85232 19970729 20110930
85198 20150529 20170801
85246 20070907 20170801
85231 20000522 20110113
85255 20001213 20080918
85239 20000613 20010930
86004 20140421 20170801
85265 20081223 20150322
85266 19970903 20030427
85349 19971001 20090222
85592 20030128 20110602
85459 20000301 20070301
87139 20020102 20160921
85424 20101015 20170801
85604 20160119 20170801
85621 20081202 20160905
85593 20080422 20140630
85675 20151015 20161201
85654 19971217 20011007
85645 20071002 20170801
85663 20000929 20140921
85724 20021002 20111218
85792 20000608 20090630
85931 20000601 20170427
85930 19980331 20000308
85876 20011010 20060531
86102 20130102 20170801
85879 20011130 20040516
85994 20060227 20160729
85992 20150611 20170801
85947 20140701 20170801
86013 20070601 20170301
86021 20000131 20041130
86097 20081202 20160531
86196 20140815 20170801
86158 20040122 20061116
13687 20160407 20170202
88358 20001211 20020930
86228 20011214 20081204
86322 20070601 20111220
86305 19990104 20000612
86305 20091221 20170801
86448 19981231 20021001
90914 20160404 20170801
86411 20000905 20040707
86432 20100301 20170801
91302 20080919 20110304
67563 20010403 20021106
86525 20101220 20141204
86447 19991004 20050613
86580 20000314 20011129
86560 20010130 20081021
86719 20101220 20170801
86715 20030313 20101219
86594 20001009 20121001
86720 20050705 20170404
86725 20040921 20081123
86759 20051206 20130523
86789 20020802 20100514
86791 20110307 20111109
86783 20080804 20091105
86809 20011001 20160307
86799 20160304 20170801
86830 20090819 20150806
86899 20010619 20170801
86923 20010430 20070724
86926 20091223 20141031
86881 20160601 20170801
86946 19990615 20020903
86964 20050314 20101219
86949 20150701 20170801
86968 20021209 20031007
87006 20080915 20170801
87020 20160301 20170801
87092 20100514 20141204
87075 20151214 20170801
87034 20090304 20170801
87179 20150727 20170801
87182 20090714 20120930
87140 20010207 20060130
87289 20091221 20170801
87229 20071228 20081218
87284 20001124 20031102
87412 20001002 20050405
87445 20150219 20170801
87492 20110503 20120705
87541 20010731 20170801
87612 20020515 20170227
87800 20060609 20100627
87825 20040604 20071101
87660 20000417 20080421
87812 20030428 20170801
87657 20000403 20110331
87659 20000404 20170801
88207 20061201 20141209
88152 20001002 20061001
88172 20020717 20051027
23887 20170320 20170801
88343 20070702 20110605
88343 20140408 20170801
88352 20050801 20080601
88281 20020904 20170801
88313 20111123 20170801
88911 20011130 20070128
89617 20090701 20150322
88661 20010405 20040831
88814 20110428 20140528
88860 20140124 20170801
88873 20070110 20160424
88897 20110415 20170801
92601 20110228 20130501
88922 20070129 20100309
88991 20021001 20061119
88991 20140922 20150630
89004 20020102 20090604
89290 20150721 20170801
89002 20040701 20131222
89003 20010709 20060131
89301 20051010 20071213
89301 20160425 20170801
89204 20110705 20121223
89269 20140904 20160329
89217 20041229 20150708
89216 20100628 20160502
89307 20081124 20140407
89326 20050502 20060608
89353 20030924 20170801
89393 20070222 20101219
89390 20070725 20071102
89431 20090209 20101001
89410 20050920 20110717
89399 20040708 20131201
91975 20090304 20170801
91116 20081117 20101110
89426 20050531 20090226
89636 20040517 20130530
89540 20061120 20170801
89876 20120117 20170801
89826 20170329 20170801
89509 20070104 20140622
89781 20150701 20170801
89694 20150803 20170328
93422 20150701 20170801
89866 20081223 20160522
89900 20151229 20170801
90132 20090212 20110414
15335 20150602 20161205
89971 20120516 20170801
89952 20101213 20170801
89904 20150318 20170801
89977 20110126 20170801
90162 20151118 20170801
90565 20090227 20110112
90454 20151102 20170801
90210 20070827 20150610
90248 20130531 20170801
90427 20160513 20170801
90305 20130130 20160118
90090 20111107 20170801
90455 20160906 20170801
90249 20160826 20170801
90374 20080509 20160822
90301 20120404 20160126
90300 20110919 20170801
90524 20160531 20170801
90790 20160523 20170801
90564 20160414 20170801
90569 20120327 20170801
90547 20121002 20140430
90494 20070709 20140930
90657 20110914 20170801
90763 20070305 20170801
90829 20071026 20080826
90831 20110603 20150630
90775 20141210 20170801
91212 20100119 20101014
90979 20080516 20140430
91547 20080827 20091220
91547 20130923 20170801
90925 20061025 20140630
91073 20141125 20170801
91041 20140623 20170801
91068 20071029 20110427
89003 20060202 20061109
91100 20120706 20150720
13188 20120206 20170801
13543 20161207 20170801
91463 20130214 20170801
12914 20150428 20170801
91579 20070404 20170801
91485 20101005 20150424
91391 20150407 20150601
85208 20140129 20160226
91519 20150407 20170801
91416 20060906 20150322
91611 20170320 20170801
91683 20160928 20170801
91668 20141209 20170801
91635 20160404 20170801
91854 20110511 20170801
91849 20070402 20170801
91915 20120410 20170801
92021 20091002 20160303
92102 20160201 20170212
92220 20081219 20140622
92220 20170320 20170801
92402 20091106 20170801
92346 20080724 20120701
92339 20071102 20091001
92984 20170202 20170801
92931 20120801 20160205
92621 20100208 20140629
92765 20101001 20161103
92697 20080703 20140102
92771 20111213 20170801
92801 20081103 20100513
87078 20100825 20170801
93132 20140129 20170801
93091 20091211 20150622
93429 20120214 20170228
93374 20100602 20170801
12623 20110331 20170801
13141 20140324 20170801
12880 20110701 20170801
12981 20111004 20160623
13018 20111101 20150528
13105 20170406 20170801
13730 20170428 20170801
13748 20150810 20170801
90272 20070323 20170801
90188 20160923 20170801
90164 20100315 20140630
90200 20121005 20170801
90121 20080320 20140302
