50906 19990802 20070701
21020 19640331 20030313
21020 20150323 20170801
27991 19991004 20170801
20482 19640331 20170801
10057 19680331 19920702
61241 19840630 20130922
61241 20170320 20170801
11042 19960401 20020514
46850 19760630 20001213
88845 20001214 20170801
56266 19730630 19980930
28222 19850430 20170801
28804 20160513 20170801
42083 19710331 20061116
50032 19841130 20060601
24264 19640331 20020721
48514 19880229 20000628
63845 19881031 19970114
10137 20001211 20110227
10145 19640331 20170801
41443 19941221 20071118
45911 20150312 20170801
24643 19640331 20161031
64856 19901211 20010624
10161 19640331 19931029
28484 19840531 20170801
60046 19861031 19970914
10225 19640331 20140430
23341 19640331 19940926
24109 19640331 20170801
59176 19760630 20170801
57904 19990528 20170801
48397 19760630 20010829
13056 19891031 20040502
15667 19640331 20091015
65859 19840216 19991008
66800 19800331 20170801
81285 20020513 20080605
44652 19790930 19990623
10401 19640331 20051120
85257 20130923 20170801
14008 19920102 20170801
27051 19670630 19990401
19553 19640331 19981231
62770 19990310 20061105
60871 19991012 20170801
14323 19841130 20061001
29102 20001018 20150322
59184 19760630 20081117
39490 19970728 20170801
14593 19821130 20170801
14702 19950316 20170801
10516 19810729 20170801
29196 19890131 19970806
17566 19640331 19981123
19692 19640331 20001116
10364 19640331 19991026
24272 19890831 20081113
83440 19980408 20001201
15553 20111213 20160630
10604 19640331 20000417
85631 19891201 20170801
44644 19810331 20170801
44601 19871231 20170801
40416 19670630 20150322
75034 19870424 20170801
57568 19841031 20170801
58480 19851031 19961218
24221 19640331 20120312
65138 19880430 20040630
51772 19760630 19990930
49656 19950331 20170801
58827 19760630 19980930
48354 19760630 19990603
46877 19750630 20170801
61284 19841031 19980109
71298 19931101 20020721
17137 19820630 19951031
26518 19860531 20071026
27887 19720930 20170801
39642 19720930 20170801
65875 19831130 20170801
65883 19840216 20061229
43772 19780930 20141204
19377 19640331 19980630
83443 20100216 20170801
85914 19990630 20170801
10786 19640331 20001210
47992 19860630 19971203
11983 20000131 20031112
18092 19900801 20070711
20220 19760331 20100312
49373 19861130 20170801
62519 20070104 20091222
93159 20120731 20160329
18551 19910201 19970107
19561 19640331 20170801
42024 19700630 20080622
52230 20001205 20170801
16571 19640331 19941220
17961 19680630 20010402
19393 19640331 20170801
42606 19680630 19920630
29946 19821031 20170801
10866 19640331 19960721
53786 19750930 19990730
19589 19910501 19950817
10874 19730331 20080622
50227 19700303 20100215
10890 19640331 20081110
20730 19640331 19951124
64186 19820420 20170801
85599 20000717 20010601
47626 19760630 19940228
10989 19640331 20001002
62148 19801113 20170801
25320 19640331 20170801
69796 20050705 20170801
30330 19661231 19960211
85073 19970613 20050930
21371 19970527 20170801
23114 19890831 20120630
23114 20120701 20120701
40352 19730930 19910131
18542 19640331 20170801
53831 19770331 20090818
23851 19640331 20000615
22032 20041220 20070906
60599 19990325 20170801
21397 19700630 20000618
22753 19870228 19980407
41718 19760630 19960329
47896 19760630 20170801
14541 19640331 20170801
23318 20001124 20060419
11260 19640331 19981112
59192 19760630 20160118
23393 20151229 20170801
22680 19640331 20000628
47175 19890531 20080330
23660 20010301 20170801
47079 19760630 19981007
18446 19640331 19950521
24046 19970901 20080730
27422 20091221 20140401
46578 19690331 20170801
38893 19850531 20010129
11308 19640331 20170801
18729 19640331 20170801
11340 19640331 20001101
61735 19960423 20170801
11997 19931201 20021031
11997 20021101 20021118
25022 19871031 19931130
89525 20021119 20170801
89565 20150921 20151213
25081 19951201 20170801
70519 19880531 20170801
20853 19640331 20001020
53401 19870630 19961015
25487 19950501 20060731
68347 19880229 20020505
25778 19870731 20170801
40125 19810630 20151130
40125 20170404 20170801
56274 19830831 20170801
26332 20010402 20040226
11404 19640331 20170801
41929 19760630 19961202
21821 19640331 20000128
71765 19870731 19970526
23229 19990503 20170801
46658 19760630 19950509
38914 19690630 20010401
27087 19910101 19940831
21979 19640331 20090908
21979 20111123 20121202
27430 19900501 20060717
65541 20160923 20170801
59248 19760630 20170801
27263 19901201 19980428
22293 19640331 20170801
30912 19881231 19900930
64565 19970618 20080630
20204 19640331 20041219
62164 19850531 19960327
27749 19820831 19910930
17726 19640331 20001210
41080 19650331 20170801
30067 19840831 19980827
11607 19640331 20060302
49680 19981118 20170801
57592 19810630 19991012
59707 19810630 19910331
49154 19761231 20170801
19350 19640331 20170801
26112 19680331 20050818
91926 20130911 20170801
61743 19860430 20041219
11674 19640331 19960101
11674 19960102 20170801
76708 20090609 20120930
24715 19841031 19950330
43916 19751231 19980611
49429 19861031 20081021
26403 19760630 20170801
30382 19980716 20070706
93096 20121203 20170801
64936 19830602 20170801
38682 19840731 20121211
25953 19851031 20170801
20626 19640331 20170801
58990 19780630 20071213
30681 19971224 20170801
19254 19640331 19980930
11703 19640331 20170801
27959 19760630 20170801
48506 19791231 20001002
88590 20081202 20170404
30940 20081002 20170801
42200 19850531 20170801
43342 19851130 19950430
26075 19660930 20001101
11754 19640331 20101219
11762 19640331 20170801
31536 19731231 19980709
65568 19900301 19980119
70578 19890131 20170801
77481 19991026 20120524
22103 19650331 20170801
32791 20050722 20090225
62834 19830731 20060605
25056 19640331 19970805
52476 19970619 20170801
24328 20081219 20170801
42550 19870228 19940228
87717 20071010 20170801
11850 19640331 20170801
19166 19640331 20020101
19166 20090819 20170801
24205 19760630 20170801
53866 20010806 20150706
23552 19640331 19940331
60628 19801231 20170801
51043 19880831 20080910
25371 19640331 19960312
58413 20160201 20170801
77462 19951108 20170801
34746 19960308 20170801
35044 19980828 20170801
66157 19951023 20010226
53858 19760630 19951130
35554 20040227 20170801
52505 19880630 19951229
26550 19760630 19960329
58296 19750331 19951022
36127 19990104 20010226
66157 20010227 20170801
36397 20020506 20130623
36469 19890228 20081231
47159 19881130 20040331
46295 19740630 20000130
47271 19871231 19971223
22496 19990622 20001130
26382 19800331 20001130
88853 20001222 20170801
25785 19640331 20170801
45241 20001122 20140630
18112 19640331 20000130
37584 19980429 20170801
21004 19640331 20000702
38093 20160531 20170801
47941 19751231 20170801
59010 19860831 20170801
38280 19860731 19900531
40838 19810930 20010627
12052 19640331 20170801
12060 19640331 20170801
23253 19821031 19900731
77644 19960401 20000105
17144 19690331 20170801
12079 19640331 20090601
12369 20130607 20170801
83596 19980811 20080825
22541 19950209 20011106
62252 19880430 19981221
12095 19640331 19981006
21055 19640331 19941002
46674 19731231 20170801
23915 19640331 20051219
25910 19640331 19940630
32205 19870831 19980715
16424 19640331 20050930
60441 19970807 20000531
53479 19880630 20060929
12140 19640331 20120730
16432 19640331 20170801
25005 19640331 19960927
83988 19961001 19980331
85908 19980408 20001210
52695 19810630 20170801
26657 19640331 20000829
32379 19911101 20050704
25160 19850228 19900228
27115 19650630 19970701
67571 19960313 19980630
19721 19890831 19960815
21274 19670630 19940415
32475 19781231 19931031
40484 19971023 19990112
23819 19640331 20170801
39765 19730331 19960307
27924 19680630 19911031
50905 19891031 19980331
25582 19800630 19991107
25582 20080922 20170801
41081 19890531 19951130
22250 19790630 19950529
52978 19840930 20170801
65947 20090130 20170801
15408 20150706 20170801
23077 19640331 20130531
23077 20130601 20130606
32707 19880229 19991230
32707 20100301 20170801
18016 19640331 20081113
16600 19640331 20170801
27828 19741231 20170801
23309 19700630 20071024
39669 19700630 19900131
66181 19880331 20170801
12319 19640331 20011216
18374 19640331 19991201
32870 20090304 20170801
54690 20001117 20060407
91207 20060410 20160922
20124 19640331 20030328
21792 19850731 20170801
48653 19831230 19930218
79041 19930219 19930831
42877 20150701 20170801
42906 19970806 20170801
38973 19640930 19980129
12570 19640331 20111031
56573 19860228 20170801
43610 20010921 20020716
12546 19640331 20020721
12431 19640331 20090630
12431 20101117 20170801
12458 19640331 19980630
59328 19761231 20170801
18278 19640331 19901204
44792 19841130 19970727
15747 19720331 19930712
12490 19640331 20170801
40272 19760331 20170801
12503 19640331 20061219
12511 19750331 20001017
45277 20010904 20140622
21573 19640331 20170801
23317 19640331 20011129
53065 19921001 20170801
52329 20071026 20170801
46288 19900901 19930930
61583 19860531 20001123
48485 19760630 20060331
22111 19730630 20170801
42534 19860531 20160902
45356 20160903 20170801
42104 19890731 20000509
46886 19970915 20170801
12749 19640331 20020116
89757 20050328 20120904
12558 20120525 20170801
51596 20001212 20070530
12650 19990405 20000712
12650 20130524 20170801
33312 19970717 19981231
26825 19640331 20170801
25769 19841031 20060810
17750 19640331 20170801
89392 19890228 19991115
48960 19751231 20060627
16678 19640331 20170801
48267 19951214 20140506
76512 19950403 19991207
48486 20120605 20170801
60943 19991018 20170801
65330 20060424 20161201
52708 20051004 20170801
20415 20070827 20170801
18147 19640331 19990411
50876 19701231 20170801
64282 19830930 20170801
49606 19850731 19900228
49015 19760630 20170801
26294 19781231 19940228
49905 19841031 20081201
21178 19840731 20170801
26710 19950510 20170801
50017 20071221 20170801
12888 19640331 19901130
24360 20000821 20070824
53612 19851130 20010701
33785 19850930 19960422
50156 19860930 19950704
33814 19690331 19971022
56223 19741231 20061109
61399 19840229 20170801
64020 19850531 19970101
34147 19801231 19950702
27086 19670930 19901130
50404 19820630 19980915
51263 20071116 20090831
59926 19860630 19980927
48223 19760630 19911231
15069 19910501 20170801
46703 19700630 19930930
46703 20070320 20170801
45751 19870831 20170801
51706 20020211 20110705
20562 19640331 19950315
34032 19810630 20170801
34040 19660630 19960905
39538 19820331 20170801
13100 19640331 20050828
13119 19640331 20060331
52090 20030321 20170801
64629 19830316 20030819
43449 19700630 20170801
26729 19651231 19970803
17478 19640331 20170801
25646 19880229 19940926
81061 19990113 20170801
19895 19640331 20020129
89813 20030820 20120402
60097 19861031 20170801
59379 19760630 20070629
17005 19640331 20170801
52821 19980223 19990917
22891 19820630 19980813
22752 19640331 20170801
42796 19680630 20110103
52919 19820630 20081231
53613 19940927 20170801
24010 19640331 20170801
54181 19880731 20100714
22592 19640331 20170801
15966 19640331 19991130
54827 19991201 20131206
22023 19640331 19920630
18382 19640331 20030415
62324 19870831 19990527
48071 19760630 20001229
55079 19900601 19951219
22779 19640331 20170801
28345 20050815 20170801
69550 20040423 20170801
59408 19760630 20170801
19537 19640331 19910919
84372 20000104 20070930
56450 19870430 19981001
13303 19640331 19931231
41179 19900301 19990801
56232 19940927 20081231
13354 19640331 19930930
47028 19890331 19950223
19019 19640331 19940926
52337 19790331 20160417
51377 19761231 20110925
22066 19861231 20011202
47466 19841130 20101219
60986 19890430 20170801
21207 19690630 20170801
24184 19640331 20020131
48274 19890831 20111212
57665 19881130 20170801
61815 20071008 20170801
57817 19860831 20170801
64311 19820625 20170801
28118 19640331 20000604
44206 20090317 20170801
38762 20001102 20170801
23931 19640331 20170801
58640 19801231 20020721
58246 19980130 20170801
24766 19850630 20170801
58318 20061220 20081105
39300 19880531 19900430
38703 19760630 20170801
34817 19850430 20170801
66018 19840216 19970814
34833 19821231 20170801
34841 19871231 19960815
23026 19640331 20170801
59345 19991202 20010401
25232 19640331 20010829
25232 20100315 20170801
90721 19860131 19950529
20394 19730331 19960930
24811 19640331 20001001
77157 19970804 20001210
77157 20090102 20161201
60442 19880430 20170801
22509 19640331 20170801
60506 19801231 20170801
13688 19640331 20170801
16870 19640331 19980626
86136 19980629 20170801
66026 19840216 19970331
42833 19890331 19991129
54463 19990604 20001105
35051 19871231 20150828
20984 19640331 19910109
22082 19640331 19970618
41355 19851130 20170801
61621 19981001 20170801
18403 19640331 20131201
22517 19951127 20170801
13586 20121001 20170801
35211 19830331 19981230
13821 19640331 20070221
35238 19900801 20000402
13856 19640331 20170801
27713 19741231 20081121
21936 19640331 20170801
17806 19640331 20070319
27596 19680331 19971126
21776 19640331 20170801
13901 19640331 20170801
42753 19871231 19900822
13928 19640331 20170801
13936 20130214 20170801
63096 19931001 19991003
24459 19640331 20170228
18649 19640331 19930630
75181 19870831 20020721
26438 19640331 20001211
49744 19700630 20010708
23501 20071109 20160323
63830 20070601 20160129
64064 19850930 19930930
54447 19860731 19900831
18163 19640331 20170801
64451 20041220 20071007
64531 19980831 19990630
22613 19981103 20000818
24192 19880630 19941024
23712 19640331 20170801
54148 19840430 20170801
24539 19640331 20010802
27756 20061201 20100630
69649 20170320 20170801
28353 19640331 19930731
64346 19880630 19990812
24942 19640331 20170801
91380 19870131 20060131
53938 19950705 19991231
76282 20030224 20170801
76597 19980916 20001211
18921 19640331 20000504
46922 19751231 20000726
59432 19760630 19980127
26737 19970102 19990928
18948 19640331 19961206
84381 19961216 20170801
23990 19820930 20090401
64477 19851130 19950402
91556 20091221 20170801
45495 19850131 20140818
25267 19640331 20020721
26884 19860531 19990324
47490 19841130 20001211
68049 19890930 19970101
27633 19821231 20170801
59440 19760630 20080922
65066 19871031 19980331
76149 19981113 20150126
68591 19891130 20170104
59459 19760630 20040401
76122 19901201 19970727
66069 19840117 19950921
22840 19810930 20120628
23085 20090102 20170801
25013 19640331 20091103
14277 19650331 20170801
45671 19810331 20060226
18032 19640331 19951212
69607 19960816 20001121
19916 19640331 20001210
85926 19980408 20170801
55212 19830228 19950712
14322 19640331 20050324
60839 19880430 19920331
51625 19861231 20000315
70229 19841031 20000607
36468 19640630 20170801
70376 19850131 19970101
70536 19940901 20151117
38850 19740630 19950730
45794 20061002 20100826
42585 20081106 20170801
60206 19820930 20170801
64995 19940302 20170801
70958 19940301 19940301
21514 19640331 19991025
15720 19640331 20170801
18411 19640331 20170801
71686 19990301 20041029
58683 19940701 20170801
66093 19840216 20170801
63765 20080606 20170403
71889 19881231 19900831
76285 19900910 19911231
44062 19670930 20001211
20079 19640331 19910521
43350 19820930 20170801
72726 19970818 20170801
36978 19821031 19981117
64653 20050819 20170801
27764 19891201 19971006
73139 20001212 20170801
14601 20140501 20170801
66325 19980701 20140430
14656 19690331 20121004
68144 19880531 20170801
44951 19850131 20120430
73940 20001211 20070109
37102 19850930 19940531
52038 19861231 20170801
37161 20011010 20160630
18681 19640331 20021211
74617 19840229 19970829
15560 19730331 20110630
40061 19670331 20071115
75030 19850731 19990309
43123 19781231 20150701
75257 19950703 20111220
66114 19861231 20071230
26542 19781231 19961211
84375 19961212 19991104
51369 19991115 20131222
37284 20070927 20170801
14736 19640331 20011009
15579 19640331 20170801
24563 19640331 20071009
23579 19781231 20170801
62092 19970102 20170801
38578 19741231 20040802
76129 19960102 20000727
40483 19640630 20010115
40635 19651231 19950131
81193 19950201 20000612
14795 19640331 20010806
40221 19750331 19910430
62308 19890430 20170801
61663 19990920 20010917
76639 20080102 20170801
61065 19830930 20050721
19051 19790331 19990721
58472 19910401 19950117
47300 19760630 19931130
65787 19860131 20071220
45356 19890731 20090316
45356 20100827 20160902
77730 20050811 20170801
19596 19640331 19940712
91103 20150903 20170801
50956 19760630 19980426
19131 19640331 19920131
28310 19640331 20020721
14883 19640331 19990502
15659 19640331 20010206
24985 19910919 20170801
48725 19690716 20170801
78263 19981001 20040630
59300 20160307 20170801
92655 19940701 20170801
51588 19980128 20010228
87447 20020722 20170801
78968 19901001 19970801
28847 19861231 20020514
79119 19940401 19960718
48565 19740630 19910331
15069 19640331 19910411
79250 19920701 19981001
15077 19870430 20090105
17830 19640331 20170801
39087 19890731 20130630
39087 20130701 20130708
79637 20140922 20170801
14891 19640331 20050810
26681 19800630 19951102
82647 19951103 20000331
46594 19821130 19970617
43553 19790630 20170801
27043 20070212 20170801
80515 20020201 20030223
28388 20050812 20170801
15202 19990701 20170801
50200 19931001 20010903
55976 19820831 20170801
19502 19791231 20170801
65816 19800930 19920731
24678 19640331 20000620
53225 20071231 20140921
57381 19810812 19980716
50024 19870430 19981102
63060 19820331 20080929
66384 20090701 20170801
15368 19640331 20000504
59467 19761231 19930630
21186 19640331 20150701
82705 19890430 19920930
39917 19640331 20170801
25419 19640331 20170801
82959 19950818 20020210
38156 19750331 20170801
24803 19640331 20041202
23536 20081031 20170801
58819 20160701 20170801
25099 20070222 20150630
15456 19640331 19990103
15456 20160404 20170801
83601 19880731 20041219
15472 19640331 20081006
27983 19640331 20170801
59483 19760630 19961103
40539 19850930 20170801
18067 19640331 19951107
84129 20010625 20170801
45970 19820331 19951219
68304 19980701 20080530
71563 19971204 20170801
90609 19911001 20110427
70332 19970728 20170801
90537 20010116 20090326
90537 20110118 20150719
85869 19960722 19990808
87127 19890831 19991017
10147 19960328 20160906
67467 19980120 20130213
69032 19950922 20170801
10078 19920801 20100128
10138 19991013 20170801
10107 19940601 20170801
10104 19890831 20170801
10108 20020722 20050811
13983 20161003 20170801
89954 20061204 20150724
10299 20000403 20170312
10324 20011214 20110403
10353 19991001 20010513
76565 20011107 20070301
70033 20000131 20170801
79698 20170405 20170801
68857 20101220 20160621
75510 19970506 20170801
10693 19970108 20030320
86976 19970115 20020724
10696 20010402 20170801
10791 19950118 20000620
76563 19980710 19990527
70092 19890331 20091220
71175 19940301 20170801
70500 19981008 20160530
75224 20060201 20170315
10909 20100430 20170801
10942 19991027 20070131
90441 20041220 20170801
90442 20150921 20170801
70308 20090909 20160520
13598 20121002 20150702
32563 19890930 19990608
89105 20110228 20151007
71001 19890430 19960530
20053 19971128 20080101
71984 19950530 19990930
67598 20080331 20170801
77150 20040803 20061109
64390 19970804 20170801
11415 20060227 20081222
85991 20141105 20170801
75154 19981222 20170801
75175 19961203 20091220
11552 20061106 20170801
11626 19930701 19940831
75100 20000621 20170801
11600 20081114 20170801
76226 19940901 19940930
76226 19941001 20170801
13788 20130624 20170801
75186 19970602 20170801
11618 20080915 20170801
11896 20000510 20070926
84769 20080930 20170801
75577 20000418 20151224
75241 20080924 20170801
13567 20121001 20160429
11955 19980717 20170801
11081 19960906 20131028
16267 20160907 20160907
84176 20051220 20080630
11970 20000601 20070214
81774 19950731 20170801
12067 20000619 20120604
75573 19990624 20101219
11976 19981001 20130910
23473 19971218 20170801
75423 19881101 19990226
87137 20000830 20170801
12062 20041101 20170801
75333 19931101 20060402
58094 20020717 20061130
75789 19920102 20080910
85269 20040429 20170801
75625 19950522 20010805
75647 19890731 19990621
12076 20150729 20170801
75489 19981007 20170801
75646 19920207 20150322
75592 20020117 20160219
75607 20030331 20170801
13721 20130102 20170801
81593 19970702 20080926
12073 20081113 20170801
76070 19920701 19970716
75825 20001102 20170801
75828 20020722 20170801
10725 20000619 20040831
86845 20060606 20080330
75857 19981231 20071001
10562 20040701 20090129
13963 20130701 20170801
13964 20150921 20170801
14011 20140819 20170801
75912 19970403 20070102
76090 19900226 20080128
76082 20080623 20170801
82196 20090402 20150322
14776 20151118 20170801
76076 19931201 20170801
76095 20160330 20170801
14889 20160201 20170801
76887 19990802 20081204
12622 20150127 20170801
76171 19930901 20061119
76201 19991108 20170801
15401 20150701 20160602
76240 20020515 20100428
76557 19920401 20051230
76608 19910402 19950208
76605 19970102 20170801
76614 20130501 20170801
15404 20150702 20160630
76619 20050830 20130508
76624 20010803 20070701
76625 20081117 20111016
76644 19910507 20140701
76656 20000616 20070531
76638 20011217 20090303
76709 20170105 20170801
76712 19981002 20170801
76757 20001211 20080610
88031 20120629 20170801
86314 20010904 20170801
76744 20130923 20170801
76754 19960212 19980830
76804 19960719 20081030
76841 20031113 20170801
77063 19980928 20071108
15488 20150720 20170801
77129 20060403 20170801
77182 20111219 20170801
77178 19990722 20170801
77173 20001212 20020820
77274 20040701 20170801
77284 19980401 20050814
77281 20060103 20170801
77338 20091223 20170801
77357 20170316 20170801
77418 19990104 20170801
77496 20131223 20170801
77768 19920706 20170801
77546 19940927 20070924
77605 19950224 20170801
77606 19980814 20170801
77659 19991001 20170801
77661 20050705 20170801
77668 20030926 20170801
77702 20000608 20170801
90352 20001003 20091220
77976 20081223 20110228
78034 20051011 20170801
78083 19981002 20041228
78788 19960816 19971217
78139 19990104 20120102
78840 20061201 20080820
15707 20151102 20170801
15797 20151130 20170801
15719 20151110 20151110
16087 20160705 20170801
16279 20161003 20161003
16044 20160516 20160516
16342 20161031 20161031
16347 20161101 20161101
83583 19990609 20041130
78927 20070323 20090329
78877 20060303 20170801
78916 19990412 20170801
78946 19930701 19970530
48653 19951201 20170801
78975 20001211 20170801
78987 20070907 20170801
79057 20020130 20080717
79057 20100715 20170801
16276 20161003 20161003
79089 20120404 20160104
79129 20070702 20081112
79129 20131210 20170801
79108 20000621 20070701
79103 20090327 20170801
79145 20141205 20170801
79094 20010130 20141104
79212 20041229 20100625
79237 19991231 20081218
79237 20131029 20170801
79323 19950713 20170801
79265 20090102 20170801
16343 20161101 20161101
18649 19930701 19960121
79411 20121005 20150311
28353 19930802 20011212
79547 20011203 20170801
79545 20111219 20170801
16431 20161110 20161110
79588 20140324 20160302
79764 19931012 19980430
79764 19980501 19980520
85913 19980521 20170801
87055 19931022 20170801
79718 20000629 20060103
79782 20170302 20170801
79906 20170228 20170801
79881 20100208 20170319
79915 20101220 20170801
79879 20000727 20131222
80094 19940405 19990629
79973 19980427 20060731
80055 20000403 20050704
80100 20020626 20170801
80080 19940104 20170801
80183 20161202 20170801
80204 20140702 20170801
80286 20140124 20170801
80191 20160701 20170801
80266 20001212 20110117
81910 20080821 20170801
21186 20150702 20170801
80410 19940318 19980810
80399 20130509 20170801
80381 20070110 20170801
80303 20080701 20111218
80406 20030717 20110602
85592 20110603 20170801
80470 19991116 20030925
80599 19980112 20080916
80506 19980612 19990624
80681 20140402 20170801
80694 19941003 19970505
80678 19960122 19991114
80711 20030314 20170801
80913 20040402 20100205
81045 20150407 20170801
22947 19941025 20060331
81055 19980701 20170801
81138 20020515 20130630
81126 19961219 20060423
81262 20040325 20070322
81481 20111219 20170801
81540 20010830 20170801
81655 19950530 20170801
81857 20080129 20160401
81696 20170313 20170801
81776 20070531 20111218
82298 20090226 20161002
82308 19961016 20000716
82309 19951101 19980612
88388 19980615 20000614
82307 20080731 20170801
66122 19840216 19941130
66122 19941201 20000630
85032 20000701 20110331
82581 20150318 20170801
82618 20060420 20160511
82643 19990813 20120930
82642 20060105 20170801
82651 20020102 20170801
82598 19990625 20170801
82686 19991201 20170801
82776 19951220 19980222
82775 19951220 20170801
83111 20120525 20170801
83143 20090106 20170801
83332 19961001 20061130
83413 20000505 20020512
83435 19991208 20170801
83421 20060403 20130523
59459 20040402 20040504
59459 20040505 20170801
89495 20020821 20040401
83462 19960531 20040324
83699 20071029 20121223
83630 20001106 20010903
83693 20000505 20060131
83862 20040401 20170801
83906 20081119 20170801
83981 20001201 20051201
83976 20070329 20131222
88436 20150127 20170301
84001 20010207 20070328
84036 20000316 20070330
84020 19961104 20100225
84032 20050314 20170801
84342 20010604 20111218
84373 20021212 20170801
84519 20010830 20091220
89508 20100628 20170801
84788 20051121 20170801
84767 20170320 20170801
85035 20150612 20170801
85072 20070202 20170801
85058 20060403 20170801
85238 20011010 20070211
85265 20150323 20170801
85271 20070709 20090303
53081 19760630 19970610
85348 19971007 20170801
85516 20001023 20050313
85459 20070302 20170801
85621 20160906 20170801
85593 20140701 20170801
85522 20010102 20060517
85675 20161202 20170801
85663 20140922 20170801
85753 20060201 20170801
85792 20090701 20170801
85963 20000703 20160129
86102 20030416 20130101
12542 20130709 20170801
86111 20071119 20170801
75819 20090304 20170801
86041 20000106 20001002
86021 20041201 20161231
86158 20061117 20170801
86176 20001003 20101219
86228 20081205 20170801
86305 20000613 20091220
86339 20120314 20170801
86326 19990929 20011009
87029 19990816 20020830
86356 20020722 20170801
86868 20020722 20170801
86414 19981124 20040422
86496 20000131 20020625
86580 20011130 20170801
13103 20121224 20170801
86591 19990528 20051010
86725 20081124 20140123
86783 20091106 20170801
86756 20010514 20100226
86799 20060628 20160303
86946 20020904 20170801
86964 20101220 20170801
86979 20060602 20170801
87070 20070215 20151030
87184 20090727 20170801
87267 20110404 20170801
87292 19991105 20101116
87299 20070712 20170801
12308 20160908 20170801
90808 20071002 20170801
87432 20000605 20170801
87536 20010628 20040428
87800 20000728 20020813
87657 20110401 20170801
87842 20001211 20170801
89001 20010709 20041026
23887 20010227 20170319
90071 20100129 20170801
88319 20000629 20060102
88352 20080602 20170801
88313 20000713 20111122
88446 20151119 20170801
89617 20150323 20170801
88587 20001002 20071025
48506 20001031 20170801
88601 20010403 20030714
88661 20040901 20170801
88668 20020814 20170801
26382 20080623 20110601
88837 20121212 20170801
88873 20160425 20170801
88991 20061120 20140921
89004 20090605 20170116
89006 20070402 20170801
89258 20020722 20170801
89071 20110706 20170801
89002 20131223 20170801
89017 20160105 20170801
89014 20010702 20170801
89070 20010807 20170801
89179 20020725 20170801
89301 20071214 20160424
89269 20160330 20170801
89195 20020722 20170801
89217 20150709 20170801
89216 20160503 20170801
89303 20080611 20150611
89393 20101220 20170801
91152 20160603 20170801
89626 20060811 20170801
89533 20081114 20170801
90601 20081022 20170801
89463 20041027 20090726
89509 20140623 20170801
89641 20120702 20170801
93422 20100701 20150630
89866 20160523 20170801
90038 20070410 20170801
90215 20080915 20170801
90435 20041203 20061201
90162 20051202 20151117
91233 20080718 20170801
90110 20040503 20150902
91937 20090630 20130430
14542 20140403 20170801
90319 20060403 20170801
90305 20160119 20170801
90373 20160518 20170801
90386 20110926 20170801
90547 20110602 20121001
90993 20070926 20170801
90829 20080827 20170801
90805 20100301 20170801
92778 20140807 20170801
90880 20051003 20170801
15980 20160408 20170801
90979 20140501 20170801
91547 20091221 20130922
91063 20060103 20170801
91068 20110428 20170801
89003 20061110 20170801
91143 20071025 20131112
13407 20131223 20170801
13356 20120501 20170801
91388 20060801 20070409
91218 20060518 20090630
91391 20060718 20150406
91392 20060801 20170801
91461 20061002 20170801
91416 20150323 20170801
91611 20091016 20170319
91650 20070103 20170227
91883 20090330 20160517
92156 20070702 20090604
92156 20110301 20150126
92157 20070702 20090625
92157 20111017 20170801
92121 20070702 20170801
92239 20160222 20170801
92293 20071001 20170801
92322 20160418 20170801
92614 20160304 20170801
92611 20091221 20170801
92602 20080331 20170801
92618 20081007 20170801
92709 20080701 20170801
79678 20150831 20170801
93089 20151008 20170801
93002 20140508 20170801
92890 20091221 20170801
92988 20090901 20150317
93429 20170301 20170801
12456 20110104 20120524
12872 20110701 20170801
13141 20120103 20140323
12981 20160624 20170801
13035 20111101 20170801
13142 20131113 20170801
13168 20111221 20170801
90199 20061110 20170801
12345 20120905 20170801
14297 20131202 20170801
