54594 19941001 20170801
65832 19941001 20081229
62500 20000619 20070816
78049 19991104 20090608
10656 20140501 20170801
10752 19941001 20001213
10867 19941001 19950918
11181 19941001 19980304
61081 19950406 20000209
11691 20140324 20170801
44740 19941001 20030715
45911 19990503 20100726
12320 19941001 20011202
47730 19941001 20170801
12758 20141014 20170801
13056 20120501 20130811
13304 19941001 20040429
85439 19941001 19950730
76300 19941001 19950614
58560 20090120 20160909
11144 20090121 20170801
78120 19990506 20001211
14198 19980421 20170801
14219 19970916 20030213
45583 19960716 20080804
83112 20071217 20170801
29145 19960102 20070808
14526 19950619 20170801
52804 19970902 19990831
11581 19970902 20000731
11581 20090102 20170801
77595 19941001 20170801
15035 20001213 20011120
15721 19991229 20091220
15721 20160119 20170801
68830 20150721 20170801
49701 19941001 19961211
16126 20090317 20170801
65496 19941001 20020303
53110 20090624 20170801
10318 20080703 20170801
58755 19941001 20100927
16460 19941001 19990923
16564 19941001 19990722
16599 19941001 20011010
16855 19941101 19970530
39693 19980122 20170801
16978 19950417 20010802
17137 19951101 20090222
29612 19971006 20170801
86242 20001205 20170801
29639 19941001 19990608
17903 19941001 19961124
17962 19980710 20010214
18033 19970514 20120717
65154 19970718 19990818
18570 20140609 20170801
42024 20080623 20131105
51393 19941001 19970609
18754 19961223 19990330
47642 19941001 20101124
18973 19970731 20170801
19159 19941001 19960718
17961 20010403 20170801
10866 19960722 20170801
19546 20001129 20040518
10874 20080623 20131222
55597 19980925 20170801
67176 20000913 20060416
19888 19980217 20000509
19992 19951208 20040427
20117 19941001 19991017
20125 19960102 20071216
45655 19950110 20170801
20248 19971016 20081123
58181 19941001 19950618
28564 19980320 20170801
20512 20000921 20170801
66456 19941001 19970103
20670 20130625 20170801
20723 19941001 20010322
20750 20160308 20170801
69796 19970514 20020505
20618 20040227 20070613
21726 20070222 20121223
56952 19941001 20070702
21742 19941001 20150625
30402 19960826 20150802
11267 19941001 20170801
89792 20160513 20170801
22437 19941001 20130626
64557 20030218 20090401
63503 19941001 20120627
22374 20041208 20121127
41419 19941001 20090312
77854 19941001 20000625
90011 20080530 20170801
22825 20091119 20170801
22905 20070108 20100210
22921 19970501 20160513
64194 19941001 20170801
21960 20001002 20080715
24117 19960112 19991018
47677 20110104 20170801
22680 20000629 20051020
23588 19941001 19990105
23975 19950210 20111218
27422 20001003 20070826
56741 19990331 20080331
11995 19941001 20030904
11995 20170316 20170801
24441 19941001 20000727
24476 19960328 20071218
24476 20121029 20170319
30648 20000216 20170801
24556 19941001 19980818
24935 19941001 19990314
30680 19941001 20060531
57277 19950125 19990825
25348 20030905 20070311
25604 19941001 19970331
26009 19990826 20060428
26084 19980122 20030423
26201 20050831 20170801
86743 20061220 20070831
13625 20160701 20170801
64418 19941001 20000208
26607 19970926 20170801
26711 19941001 19990310
26965 19941001 19960801
65541 19971222 20110331
36150 19941001 19970730
27511 20111219 20161005
27562 20080724 20150701
53575 19970114 20040630
31077 20030121 20170801
27888 19941001 20030904
18091 20020213 20160131
19828 19941001 20030831
19828 20030901 20030904
89818 20030905 20080929
49285 19941001 19990615
28840 19980331 20090130
29488 19941001 19980430
76708 19951115 19991026
29752 19980327 20060727
65226 20020117 20060130
29867 19950905 20150209
76769 20000330 20070111
44943 20060201 20170801
30147 19941001 20110515
10886 19941001 20010131
38682 20160928 20170801
54279 19941001 20080820
46471 19941001 19981019
30737 19941001 20100411
30737 20161111 20170801
12008 19981216 20001101
12008 20091221 20160818
31107 19941001 19980521
44599 19941001 20000419
85082 20050531 20170801
31500 19941001 20010621
31552 20020304 20071220
82855 20011011 20170801
44185 19990506 20070221
32054 19971022 20170801
32110 20081022 20110821
26470 19941001 20071108
87581 20020712 20060130
32986 19941001 20091013
33209 19941001 20130630
33508 19941001 19980304
50788 19990302 20110712
42550 20080213 20100412
87696 20010906 20170801
87717 19960103 20001212
87725 19941001 20001204
87725 20161129 20170801
53196 19941001 20031031
53196 20031101 20031104
89896 20031105 20110320
58405 19941001 19961013
23552 19950928 20051221
47706 20100701 20170801
42745 19941001 19971219
10016 19941001 20010503
10342 20010402 20040630
35167 19941001 19991028
58296 19951023 19961223
84382 19970107 20021106
46295 20000131 20081021
47271 19971224 20030312
56784 19980828 20060312
37058 19941001 20030423
88924 20030331 20081118
46164 19941001 19980709
41726 19941001 20001025
66165 19941001 19951019
37234 20130701 20141102
37277 19941001 20000727
18112 20000131 20020116
37568 20111020 20170801
37832 19951020 20001210
37875 20030218 20170801
37955 19941001 20170322
38093 19941001 20001212
88269 19960719 19981101
20765 19991004 20170801
55212 20150925 20170801
21055 20001213 20170801
38659 19941001 20010206
47888 19941001 20110822
62367 20110203 20170801
38982 19980330 20000308
57154 20121029 20170801
39571 19980421 20030701
26657 20000830 20101210
63976 19941001 20070411
32440 19941001 19950605
54770 19941001 20001004
84808 20140819 20161003
65939 19980120 20060131
40644 19970903 20000625
44468 19941001 19980408
50905 19980401 20070501
41014 20000330 20001002
25304 20150701 20170801
22250 19950530 20010806
41217 20020613 20170801
41241 20110428 20170801
41292 20050502 20170801
41428 19941001 19970925
32651 19941001 19991230
41452 20090317 20160531
27879 19941001 19960318
41487 19971121 20051026
41807 19941001 19950529
32803 20081202 20110630
42140 19941001 20160424
42455 19990831 20080225
42578 19941001 19960313
86313 20080930 20170801
44150 19941001 20040502
66587 19941001 20060330
88795 19980526 20110630
62295 19941001 20000109
48557 19941001 19941031
44194 19990818 20030127
12458 20010709 20071018
88990 19970808 20011007
44274 19941001 20170801
46463 19941001 20170801
44506 19941001 19951022
63220 19941001 20010110
44637 19980115 20070816
44768 19941001 20170801
44821 19941001 20061109
89093 19941001 20040928
50075 19941001 19950529
53129 20001003 20040617
27705 19941001 20000831
45509 19941001 19960121
76745 19941001 19970302
24723 19941001 19980420
89181 19941001 20020711
45728 19941001 20170801
57066 19941001 20050222
46077 19961223 20170801
46149 19970827 20061206
82694 20011105 20160630
46392 19981211 19990427
86804 19990428 20040226
53268 19941001 19990502
46843 19941001 19990629
46870 19941001 20000725
51596 19941001 19980630
47002 19941001 20170801
12650 20010524 20071206
47133 19960722 20001004
47133 20061102 20100707
47141 19941001 20010305
47205 20030218 20131015
47248 19951214 19980331
47248 20051010 20070604
89333 20001110 20101208
57437 19941001 20080212
47379 20091221 20170801
59045 19941001 20090908
59897 19941001 19990301
48144 19970627 20170801
41136 19941001 19970309
49488 19941001 19990502
49488 20100518 20170801
48347 19941001 20170801
12781 20000309 20170801
48531 20020102 20160224
48961 19980227 20121028
65330 19941001 19991018
10092 20000901 20090211
49585 19941001 20001220
49614 19941001 20000113
49905 20081202 20140323
59360 19961015 19970717
80775 19961007 19991001
89675 20010301 20070614
53612 20040503 20081015
64020 19970102 20030204
76489 20051214 20130701
22373 19971202 19980528
59774 19950322 20170801
66245 19941001 20060131
66245 20160601 20170801
50623 20041209 20170801
50666 19970718 20070412
51263 19941001 20071115
51423 19941001 20170801
45022 19941001 19991021
51800 19990301 20001128
67002 19941001 20081201
89894 19941001 19951207
52557 19941001 19951114
52696 19941001 19941130
75407 19941001 19980630
52792 19951221 20090119
68566 19941001 19970807
53197 19970106 20170801
53381 19941001 20020424
53480 19980803 20090604
53640 20010522 20160118
80823 20001201 20011009
24248 20040922 20170801
80829 19960904 20020501
54771 19941001 19991003
54798 20001221 20080122
61807 20031210 20170801
68582 20000324 20010401
55213 19960311 20030312
55213 20080623 20170801
55256 19951006 19971217
65365 19941001 20170801
64290 20000809 20041130
90377 20110610 20170801
56040 19941001 20131118
45487 19941001 20010227
56339 19960802 20000907
56363 19941001 20060108
34497 19971028 20170801
56937 19941001 20070529
56945 19941001 20060404
57067 19941001 20060612
57286 19941001 20040624
64450 19941001 20160307
34673 20130930 20170801
57534 20070404 20160429
79611 20070103 20170801
58334 19941001 20170801
58406 19990729 20030728
90458 20100412 20160922
79294 19941001 19981210
58481 19941001 19970526
77555 19941001 20060629
34825 19941001 20000130
58026 19941001 20000808
58975 19941001 20080929
59089 19941001 20170801
63714 19941001 19970807
27385 19941001 19990708
60660 19941001 19991114
90721 19950530 20050714
34913 19941001 19990707
20394 19961001 19970921
51457 20111004 20121031
60186 19941001 20090316
34948 19941001 20170801
60310 19941001 19980319
75083 19941001 20070617
61138 19941001 19970727
61138 20080805 20120930
35107 19960911 20170801
12072 20041101 20161005
61496 20160819 20170801
79043 19941001 19970717
61955 20050223 20151117
62010 19941001 19991104
50702 20080306 20170801
35238 20000403 20160202
62341 20040929 20170801
52898 19941001 20030217
13936 19950530 20070328
49971 19941001 20161003
51692 19941001 20020721
82279 20101025 20170801
63088 19941001 20001001
63125 19941001 20170801
10120 19941001 19980501
89968 20040102 20170801
63240 19941001 20040722
80185 19990104 20001210
63395 19941001 19980715
35422 19941001 19970826
60695 19941001 20030217
26438 20001212 20010718
56143 19941001 20070731
63686 20030314 20080325
63715 20100315 20170801
63811 19980716 20110630
77880 19951013 20041006
64152 20010719 20040722
64291 19941001 19970613
64486 19941001 19980827
64646 19950627 20000210
64929 19941001 20170801
64961 20051123 20170801
42307 19941001 20080423
65083 20050526 20051115
65058 19941001 19980131
69649 19941001 20031112
46893 19941001 20010221
62033 20160801 20170801
58771 19950302 20091208
76711 19960521 20040226
76711 20131223 20170801
57146 19941001 20001109
75793 19960509 19970925
66967 19941001 20050515
67193 19970807 20130219
67345 20000728 20010531
24379 20001002 20020628
35991 20001211 20170801
64477 19960508 19970513
91556 19941001 19980715
66050 19941001 20111031
47490 20001212 20060801
68049 19970102 20061101
62682 19941001 19971223
62383 19941001 20040331
62383 20111219 20151001
68102 19941001 20000828
68161 19941001 19970612
68196 19950811 20000831
27780 19941001 20031209
68340 19970722 19980331
68428 19941001 19960807
76122 19970728 19990505
77354 20131223 20170801
69199 20030218 20170801
55212 19950713 19981006
91804 19941201 20020612
50948 20150701 20170801
70376 19970102 19990103
56434 19941001 19980603
67723 19941001 20080225
46017 19941001 19990728
70616 19941001 20131125
70632 19990405 20010521
70790 19941001 20001217
38850 19950731 20120102
65402 19941001 20131104
70923 19941001 20011206
26614 20051205 20170801
63335 20070817 20170801
71475 19941001 20170801
76091 19991105 20081123
61188 19941001 20160630
63765 19941001 20051221
71985 19941001 20001228
71985 20071102 20140630
44062 20001212 20010905
72486 19941001 20120805
39220 19941001 20170801
72696 19941001 20151001
36775 19941001 19991027
72494 20001101 20120430
43481 19950920 20170801
71124 19990923 20050731
72710 19941001 20030827
92073 19941001 20070604
36898 20080820 20170801
27254 20060504 20131031
65074 19941031 19960721
65074 19961008 19980331
72961 20021001 20060525
72980 20011008 20170801
18198 19941001 20000508
73083 19941001 19960718
27764 19971007 20070819
73219 19941001 20170801
73358 19941001 19960229
20693 19941001 19970122
54471 19941001 19961106
73614 19941001 20001128
44951 20160901 20170801
52396 20041220 20170801
73681 20001211 20140401
66739 20000908 20150719
58625 19941001 20021230
74086 20000420 20040212
74203 19941001 20051115
76022 19941001 20000423
30728 19941001 20000409
58800 19950110 20001228
65752 20160601 20170801
44513 19971219 20121001
75089 19941001 19960909
75273 19941001 20001130
75460 20110823 20170801
84375 19991105 20011115
40694 19950703 20140701
77016 19941001 19960520
45129 19941001 20050704
76081 19941001 20040401
50606 20150727 20170801
14795 20010807 20050829
60580 19941001 20150924
78100 19970808 19980525
77463 19941001 20000105
92591 19941001 19980114
48389 20000427 20140815
62463 19941001 19981210
76185 20070820 20141204
17929 20000510 20081001
42569 19941001 19970915
50278 19990609 20071115
78044 20150102 20170801
65306 20070208 20170801
78263 19941001 19970402
63781 20010803 20081030
63781 20150702 20170801
14955 19941001 20001107
78530 19941001 19970731
53663 19941201 20151216
78829 20071221 20161206
48565 19960319 20000502
79274 19941001 19950901
82224 19950907 20000531
79303 19941031 19950321
79303 19991231 20170801
79338 20140421 20170801
16117 19970401 20000726
46260 19970731 19991017
16555 20141103 20170801
79637 19941001 20011120
79848 19941001 19990516
80128 19941001 20090630
27043 19990405 20020514
81116 20011231 20170801
77006 20081124 20090902
81190 19971105 20110126
81294 19941001 20170801
61882 19941001 20000426
56063 20020502 20070201
81382 19941001 19990610
81569 19941001 19970210
57648 19941001 19971207
24969 20000726 20170801
46420 19941001 20000131
66376 19971118 20101003
81702 20040227 20160120
61233 19941001 19951005
39562 20010417 20010731
62498 20080229 20150708
58085 19941001 19950416
82502 19941001 19960507
82668 19970701 19990922
19238 19941001 20000926
77053 19941001 20110605
44783 19941001 19990713
47108 19941001 19971120
64135 19941031 19980406
64135 20001218 20090623
83011 19941001 19990927
83030 20101220 20110513
83142 20000211 20051020
51086 19941001 20170801
83345 19941001 19990103
42286 19941001 20170801
84403 20010611 20081218
44476 19941001 19970805
51254 19941001 20000720
59483 19961104 20050313
79672 19980515 20140430
69155 19941001 19941130
43537 19941001 19980731
84129 19941001 19980119
88381 19941001 19980802
90756 20000410 20060423
13600 20160303 20170801
62042 19941001 20110103
91572 19970505 19971021
72996 20080915 20150113
60090 19941001 20010718
87426 20051028 20161231
69294 19941001 19950630
88664 19960701 20001212
68072 19941001 19950718
89341 19941001 19981119
77789 19980401 20000111
85762 19941001 19941031
35917 19980501 20170801
88867 20040209 20090119
90537 19941001 19970430
86866 20060330 20170801
10064 19941001 19970327
85017 19970213 19980421
91273 19941001 19950301
69411 19941001 20010708
88373 20040211 20111207
10108 19941001 19970302
10192 19941001 20010629
10182 19941001 19980630
68574 19941001 19950124
10200 20140421 20170801
10163 19941001 20080527
10272 20081006 20120126
10302 20080930 20110227
10259 20090827 20140601
12217 20111004 20141013
75072 19941001 20010610
10363 20160301 20170801
10353 20010514 20100804
10071 19941001 19970829
10382 19941001 20170801
10397 19941001 20030217
10404 20030828 20101207
75500 19941001 19971120
89712 19941001 19960102
10462 19941001 19970504
10434 19941001 19970101
10501 20131120 20170801
10185 19941001 19991125
10410 19980504 20000831
10421 19941001 20170801
70228 19941001 20030113
10513 19941001 20000514
77420 20020211 20170801
13502 20120718 20170801
10439 19941001 19980209
10515 19941001 19960512
10530 20060919 20170801
88884 19941001 19960816
10606 19991019 20170801
79785 20000503 20070404
75070 20050517 20111218
79437 19941001 19970727
85965 19941001 20001116
79903 20110701 20161101
10611 19941001 19980928
10659 20090120 20150819
75596 20001213 20100630
10738 19941001 19980121
79909 20050819 20170801
75517 20150702 20170801
10716 19941001 19970805
10750 19941001 20000809
10199 19941001 19980331
10644 19991018 20100601
75224 19980305 20040226
89659 20060405 20111121
35124 19941001 20030217
13992 20170420 20170801
10026 19941001 20170801
10812 19941001 20170801
10914 19941001 19970730
10909 19941001 20070211
75527 19990428 20150628
10942 19941001 19980430
75222 20001101 20090312
10860 20170323 20170801
10032 19941001 20001211
10032 20070402 20170801
11038 19941001 20111220
10657 19941001 20070304
71001 19960531 19970806
77371 19941001 19961103
75215 19941001 20160901
86714 19941001 19980216
20088 19950922 19981019
65315 19941001 19991230
50885 19941001 19980630
11103 19941001 19990830
51610 19941001 19970425
64515 19941001 19980823
11124 19941001 19980420
77453 19941001 20150708
71909 19941001 20010828
68021 20130920 20170801
10838 19941001 19960326
10952 20080805 20170801
11154 19960910 20081123
77150 19941001 19980121
11162 19951027 20080409
72100 19941001 19970730
10928 19981202 20020221
11209 19941001 19950904
11277 20000511 20040208
10325 19941001 20010513
11291 19990104 20010409
11343 20040618 20170801
71685 19990331 20091220
11347 19941001 20020930
65294 20000210 20170801
75033 20000131 20161009
11415 19981020 20001211
11365 19941001 20000802
89682 20051116 20070905
11339 19960524 19970513
12173 19970505 20170801
11382 19941001 19980119
11379 19941001 19980514
11366 19941001 19961014
11346 19941001 19990316
11378 20081013 20170801
11384 20001213 20070401
11452 19941001 19961222
11450 19941001 19980617
11411 20051021 20061219
11481 20090212 20170801
10857 19941001 20000223
11484 19941001 20000413
11483 20011008 20050417
11531 19941001 20061010
75066 19970903 20070315
10790 19941001 20000327
75101 19941001 20011216
72864 20100928 20170801
84073 19941001 20100520
11522 19941001 20000702
91003 19941001 20000419
80039 19990708 20001120
75094 20000114 20001121
75107 20121224 20160329
11547 19991231 20170801
75045 19980430 19980514
75174 19941001 20010523
75558 19941001 20061219
11651 19941001 19960910
11638 20160503 20170801
11641 20080326 20170423
75526 20090223 20170801
11662 19990218 20000502
11533 19960502 20030330
11707 19960701 20170801
11665 20000728 20021013
82811 20010202 20061001
13563 20161003 20170801
75172 19941001 20011009
11761 19941001 20001211
11678 20001108 20040315
78495 19941001 19990301
11184 19941001 19960111
11731 20030218 20170801
75162 20010111 20090101
10594 19941001 19950111
37217 20080917 20170801
35378 19941001 19980731
11599 19941031 20000702
11599 20040802 20140509
75262 19941001 19960310
75262 20051229 20061203
11618 19941001 19951130
82107 20140922 20170801
11896 19941001 19951213
10623 20010712 20070921
10180 20120214 20150201
11884 20110601 20170801
75182 19980115 20101110
11929 19941001 19970807
11927 19941001 20080306
11928 19941001 19990831
79634 19941001 20061106
11849 19960301 19990527
11509 19941001 20081001
80186 20051222 20070928
11955 19941001 19960507
75237 19941001 19950109
84176 20080701 20170801
11752 20080602 20170801
12067 19941001 19991003
11917 20000420 20101121
11887 19941001 19990427
75342 20040122 20170801
75351 20041115 20050927
75326 20131223 20150630
11998 20010207 20040928
63977 20011121 20121231
12041 19960710 19970212
11895 19941001 20020612
12048 19941001 19961006
12006 19941001 19981201
12260 19941001 19970113
12265 19941001 19990517
78664 20120409 20130508
12074 19941001 20010917
12236 19941001 20090826
12199 20010228 20020930
75390 19941001 19990817
11502 19941001 19970626
12211 19941001 20170801
75432 19941001 20140213
11975 19941001 19941130
77579 19941001 19970721
75448 19941001 19971201
75700 19970428 19980114
75684 20011217 20041123
64071 19941001 20000912
75591 19990819 20070801
83189 20010306 20070731
75734 19941001 20000103
75483 19941001 20001225
76573 19941001 20170801
75728 19941001 19970101
10375 19941001 19971215
75694 19991202 20041130
76667 19941001 19970722
75649 19941001 20170801
76133 19941001 19991129
75602 19960124 19970909
75643 19941001 19950705
75817 19941001 19970608
75654 19941001 20140921
11241 19941001 19950111
86861 19941001 20051204
10179 19941001 19971005
11335 19941001 19991003
13825 20150729 20170801
75954 19941001 19960523
75603 20110509 20160921
13690 20151008 20160526
83232 19971001 19990217
75976 20090203 20170801
75655 19941001 19990502
10051 19990524 20001211
10051 20090601 20160302
13766 20140124 20170801
75853 19941001 20051212
14670 20160404 20170801
76497 19941001 20010605
75854 19941001 20000829
85201 19941001 19980930
12539 19941001 19990818
76148 19981020 20150722
78717 19941001 20030217
83239 20040701 20090222
75901 19980701 20000510
92663 20030205 20080630
11628 20050516 20091109
11628 20150102 20170801
75831 19941001 20170801
75834 19971204 20010402
10569 19941101 19961113
10725 19941001 19970929
23326 19990819 20071231
11442 20091127 20170801
86845 19980401 20020106
86896 20040902 20170801
11018 19941001 20170801
87952 20051205 20170801
35693 19941001 19971027
35829 20060602 20080101
35909 19950112 19970930
37699 19941001 20080303
43706 20000703 20010129
10252 20090102 20170801
88912 20060404 20091109
10941 19941230 19951229
24540 19941001 19970731
10753 19941001 20000329
11808 20000803 20031020
11269 19941001 19941130
11558 19941001 19980331
11208 20141210 20170801
35474 19941001 19951031
11823 19981216 20090522
90369 19971216 19990620
56611 20080222 20160401
10395 20080102 20170801
12068 20080226 20170801
68292 19941001 20170801
11786 19980529 20001001
10562 19941001 19980709
11634 20030424 20061229
81577 20000601 20030807
67046 20070125 20090211
11045 19941001 19970630
35685 20061116 20170801
75858 19980710 20001210
73809 19980529 20150731
75819 19941001 19960111
89207 20111101 20170801
10308 20081202 20170801
10388 19941001 20021114
77519 19980716 20170801
11369 19980526 20170411
78693 20051003 20170801
10085 20020327 20060329
10825 19980803 20100930
13934 20150723 20170801
75849 19941001 19991123
10629 20110516 20160215
75866 20051010 20060719
89875 20150203 20170801
77643 20060403 20170801
14097 20160923 20170801
75710 19941001 19980209
14145 20170425 20170801
14221 20160203 20170801
14317 20160728 20170801
14260 20160212 20170328
89237 20021001 20090604
77415 20090327 20170801
14459 20150804 20170801
91855 20090605 20170801
75914 19941001 19970101
75905 20140102 20170801
14479 20151214 20170801
11056 20040401 20091118
77528 20081202 20170801
14490 20161206 20170801
14651 20140603 20170801
14456 20160902 20170801
76403 19941001 19950109
14751 20140702 20170801
14684 20150803 20170801
20395 20120327 20170801
75900 19941001 20070103
33647 20010802 20040928
75925 19980831 20070831
14603 20151127 20170801
76177 20000809 20040210
77300 19941001 20031102
75929 19941001 19991222
76362 19941001 19990427
76215 20070522 20170801
76094 19941001 19950927
14602 20160502 20170801
76075 19990106 19991114
14682 20141201 20170801
76082 19941001 20080622
82196 20170320 20170801
14688 20160922 20170801
14713 20160104 20170424
84338 20130627 20170801
14803 20150626 20170801
76095 19970930 20071022
76125 19941001 20000627
14784 20140804 20150630
76101 19941001 20000530
14954 20160330 20170801
76099 19980401 20120515
14812 20160913 20170801
76391 19991115 20060402
76963 19941001 19980101
76127 19941001 20170801
76128 19941001 20170801
76110 20060331 20080508
76162 19941001 19960903
78981 19950131 20090119
76138 19941001 20030423
76139 19941001 20011104
76139 20080307 20150209
77688 19941001 20010429
76165 19941001 20020724
76322 19941001 20071230
76868 20090819 20170801
14969 20160414 20170801
76166 19941001 20010416
76448 19941001 20041114
76392 20040316 20170801
76671 19971205 20040226
88871 20101123 20170801
76372 20081022 20110727
76195 19941001 20130430
83671 19990614 20170801
76158 19941001 19990505
76207 19941001 20170305
76210 19941001 20000229
76217 19991019 20040831
89369 20140603 20170801
15168 20170320 20170801
76238 20000612 20040516
15167 20170105 20170801
15398 20160201 20170104
76230 19960808 20080622
76223 20010323 20120402
76245 19941001 19950130
76272 19941001 20060130
11644 20120206 20150803
76261 20090909 20170801
76258 19941001 19960502
76224 19941001 20170801
76265 19941001 20081029
76279 20070502 20170801
15489 20150803 20170801
76498 19941001 19970527
76477 19941001 20040428
76478 20090317 20170801
15397 20150701 20170801
15490 20150804 20170801
79037 19941001 20170801
78071 20040402 20090101
76506 19941001 19960530
91902 20110617 20170801
76910 19941001 20020815
76568 19941001 20170801
76566 19941001 19980226
76578 19941001 19960709
88284 20161006 20170801
76582 20130130 20170801
76598 20020712 20061005
76596 19941001 19960501
76602 20060728 20170801
76613 19941001 20151104
76614 19941001 20111218
76860 19990923 20001220
15391 20150629 20170801
15440 20161202 20170801
15710 20151104 20170801
76619 19941001 20030217
76620 19941001 19980809
76607 19941001 19950919
76625 19941001 20040226
76626 19941001 19991021
76630 19941001 19960628
76651 19941001 19981215
76654 19941001 19951012
76653 19941001 19950627
76656 19941001 19990404
76657 19941001 19960721
76837 20010329 20170801
76665 19941001 19950606
81703 19950613 19990330
76662 19941001 19980330
15535 20161006 20170801
76685 19941001 19950626
76695 19941001 20090222
76856 20070103 20170801
90751 20170329 20170801
19968 20040625 20051027
76703 19941001 20000223
76704 19941001 19990511
76709 19941001 20080702
76710 19990901 20101109
76714 20010504 20110531
76716 19941001 20001204
76720 19980210 20050501
76721 20081028 20170801
76684 20071011 20110605
76718 19941001 19980617
76967 19941001 19970331
76732 19941001 20170801
91403 20100913 20170801
76740 19960703 19990830
88031 20051004 20061026
76744 19941001 20001031
76746 19941001 19960530
76750 20091014 20170801
76752 19941001 20170801
76755 20020515 20030120
76753 19941001 19950810
76780 19941001 20030423
76776 19981102 20001217
76677 19941001 20020221
76788 20030627 20170110
76788 20170112 20170801
76789 19990512 20041029
76795 19941001 20031102
76796 19941001 20080819
76798 20091006 20170801
76999 19991126 20120205
76838 20040512 20170801
76841 19990311 20000615
76846 19980210 20000215
76848 19941001 19971006
77204 19991027 20040603
77018 20001117 20081125
77047 19941001 19971218
77077 19941001 20051228
77028 19941001 19990103
77032 19941001 19960327
77032 20060109 20070125
77042 20000209 20040517
77025 19941001 20000727
13906 20170306 20170801
77043 20000703 20141231
77049 19941001 19950921
77039 19941001 20020630
15647 20150928 20170801
77037 20050525 20131222
77026 19980803 20051212
77030 19941001 19980824
77027 19941001 19970212
84582 19970219 19971104
77108 19980305 19981122
77096 19941001 19981215
77095 19941001 19960825
77120 20100602 20170801
77207 20040726 20080221
77092 19941001 19960618
77106 19941001 20050525
77090 20101015 20170801
77117 19941001 20090716
77117 20160826 20170801
77094 19941001 19980831
77114 20040518 20170801
77113 19941001 19950524
77217 20170329 20170801
77165 20170327 20170801
77179 19941001 19970817
77191 19981124 20170801
77185 19941001 19971204
77173 19961004 19990330
77188 19941001 19960609
77189 19941001 19990329
77257 20010524 20060607
90464 20091014 20170801
77276 19941001 19991123
77292 19941001 20001031
77373 19941001 19961003
77279 20080226 20170801
77281 19941001 20020514
77325 19990315 20001109
77307 19941001 19971019
77310 19941001 20010228
77338 19941001 20060330
77339 19941001 20050524
77312 19941001 19990620
77352 19971121 19981210
77360 19941001 19950627
77366 20091221 20170801
77362 20070906 20080518
77388 19941001 19990608
77392 20000703 20071031
77380 19941001 19951229
77461 19941001 20000308
77405 20010709 20061213
92871 20120117 20170801
77413 19941001 19980319
77413 20160404 20170801
77418 19941001 19960211
77421 19941001 19980831
77426 19941001 20001212
77438 19941001 20010322
77472 19941001 20001105
77478 20010530 20150927
77447 20020613 20170801
77448 20001219 20070930
77451 19941001 20010305
77496 19941001 19990404
77501 20050715 20130602
77508 19941001 19980811
77544 19941001 19991230
77515 20001121 20170801
77516 19970723 20160129
77517 20070316 20070813
77520 19941001 19970601
77530 19941001 20170801
77532 19941001 19950405
77541 19941001 19991104
77550 19941001 19970902
77575 19981001 20000628
77582 19941001 20020612
77584 20080820 20170801
77597 19941001 19990114
77649 19941001 19980826
77632 19941001 19971203
77629 20151028 20170801
77628 20010702 20100218
77652 19960619 19990125
77637 19941001 20020930
77661 19971208 20020210
77662 19961127 20070611
77668 19941001 19991201
77669 20050314 20170801
77679 20071121 20170801
77713 19941001 20020704
84776 20140602 20170801
77705 19950628 19991219
77777 19941001 19971014
77780 20061207 20070131
77780 20070201 20070205
77780 20070206 20070206
77780 20150921 20170801
91815 20070207 20170801
77793 19941001 19960331
77783 19980901 20090303
77784 19941001 19990404
77785 20090908 20170801
77787 19941001 19980528
77787 20080408 20120422
77856 19941001 19970217
77882 19941001 19970811
77830 20100603 20140420
77837 19941031 19970527
77837 20000419 20020930
77874 19941001 19991228
77878 20060215 20170801
77876 19960314 20011128
77899 19941001 19970902
77902 19941001 20020424
77918 20040413 20161128
77917 20000515 20170801
77971 20121128 20170801
77967 19941001 20080331
77989 19961212 20010523
77992 19941001 20001218
77993 20000721 20051020
78001 19941001 20001130
78008 19941001 20001102
78008 20060331 20110508
78009 20001229 20110727
78021 19941001 19961007
78023 19941001 19970527
78186 20080226 20150701
78032 19970926 20010308
78039 19941001 19981123
78034 19941001 20010822
78038 19941001 20001107
78050 19941001 20010101
78051 20110218 20140814
78074 19960513 19990817
78081 20131129 20170801
78102 19941001 20010801
91402 20150707 20170801
78200 20020425 20131122
78198 19941001 19960508
78155 19941001 20051101
78192 19941001 19941031
78197 20070510 20101107
78172 19990706 20170801
78170 19941001 20101219
78211 20140303 20170801
78796 19941001 19960702
78137 19990330 20170801
78795 19941001 19961126
78156 20080123 20111218
78156 20150720 20170801
78193 20060720 20130624
91128 20101021 20131017
16004 20160503 20170801
15955 20160314 20160314
15719 20151111 20170801
79427 20000927 20051030
15862 20151228 20160103
16044 20160517 20170801
16146 20160801 20160801
78860 19941001 19980108
86889 20030320 20101122
86889 20160902 20170801
78907 19941001 19950209
78901 19941001 19970223
16278 20161003 20170801
16277 20161003 20170801
78881 20040429 20151007
78876 20001110 20170801
78915 20070801 20170801
78867 20010828 20051003
78916 19941001 19951220
79002 19941001 19990613
79009 19941001 20011007
79015 19961114 19970504
79042 19950530 19990630
79042 19990701 19990706
78955 19980618 20140302
79008 19941001 20000215
78999 19981023 20040422
79007 19941001 19960715
79007 20160829 20170801
79024 19941001 19991125
79053 19941001 20000810
78950 20160523 20170801
78951 19941001 19961112
78987 19941001 19980830
79016 19941001 19960930
78963 19941031 19950712
78963 20000811 20030217
79061 19941001 19960630
78953 20040723 20110131
78972 19970602 20101031
78972 20101101 20101122
79076 19941001 19950529
16276 20161004 20170801
81491 20060314 20070928
79089 19990621 20090629
79089 20170320 20170801
79097 19941001 20000418
79108 19941001 19990502
79108 20131106 20170801
79133 19960531 20080212
79103 19960503 20030904
79069 19990609 20051201
79144 19960508 20000831
88597 20000913 20140430
79150 20131127 20170801
79207 19990616 20010528
79152 19941001 20011202
79212 19941001 20020930
79198 19960904 20021208
79198 20130214 20170801
79195 20080324 20170801
79233 20090717 20160306
79235 20050526 20170801
79237 19941001 19960903
79238 20070419 20141019
90783 20130827 20170801
16340 20161010 20170801
78756 20170316 20170801
79290 19950628 19980802
79299 20030218 20161201
79248 20150402 20170801
79328 19990528 20070403
79251 20001129 20080318
79336 19981007 20090101
79265 20020513 20080622
79297 19970922 19990226
79262 19970910 20021013
79255 19970527 20070604
79371 19950919 19981022
79416 19950615 19980525
79376 19941001 20010513
79444 19990302 20160502
18649 20140623 20170801
79377 19941001 19971117
79449 20081016 20151027
79417 19970801 20000402
79366 19990706 20041114
79418 19970218 19980226
79455 19941001 19980329
79387 19950112 19971118
79467 20000110 20101101
79523 19990818 20041114
79507 20070305 20170801
79559 20051213 20060331
79528 20000927 20091002
88568 20070402 20170801
79502 19970310 20101006
79558 20101220 20170801
79517 19990720 20080523
79564 20070405 20140622
79617 20010601 20080714
79572 19941001 19960123
79588 20080509 20091220
79654 20011010 20131001
79607 19990901 20090101
79667 20130930 20170801
79628 19970331 20170801
79668 19970224 20140630
79724 19961014 20151022
79758 20110701 20170801
79686 20060502 20101110
79742 20001212 20040920
79770 20030905 20170801
79740 20070116 20080407
79777 20170424 20170801
79718 19980701 20000628
79811 19960719 19980131
79824 20080701 20170801
79819 20020613 20060501
79906 19980501 20000402
79862 20070110 20170801
79839 19941201 20090326
79839 20150701 20170801
79881 20030424 20040831
79878 19950706 20170801
79893 20130626 20150805
79908 20000403 20011031
79915 19941001 20040329
79841 20000728 20170801
80223 20011105 20170801
79868 19961107 20000208
79879 20150803 20170801
79796 19941001 19990112
79796 20150116 20170801
79863 19941101 20000207
79799 20010306 20140429
79902 19960401 20000920
79847 20070523 20110221
79859 19980515 20011010
79808 19971119 20040715
79935 20000531 20050524
80032 20000505 20080601
80074 19941001 19980222
79991 19980803 20000323
80034 20100806 20170801
80049 20080801 20141231
80012 20020208 20080731
80020 19991028 20020326
79957 19941001 19951026
81290 19960112 20050322
80079 19941001 19961222
80054 20100628 20170801
80130 20060201 20061130
80121 20051216 20070107
80178 20030313 20050930
80167 20000208 20131223
80113 20140718 20170801
80112 20061130 20091013
88749 20021107 20050121
80153 19981120 20011230
80135 19950719 20110829
80183 20060823 20131001
80252 20010309 20070418
80233 20040213 20170801
80279 20040929 20110217
80236 20020515 20170801
80254 20011011 20170801
80286 20030313 20100602
80266 20130624 20160810
80361 20020816 20100517
80327 19970528 19991101
80375 20080528 20170801
88681 20020722 20090316
80388 19970806 19990719
80316 19970303 20170202
80320 19991018 20020131
80362 20040430 20170801
80341 20151023 20170801
80331 19971020 19980326
84584 19980803 20080804
80364 20011010 20060822
80303 20111219 20170801
80439 19980409 20020207
80439 20051202 20121015
80423 19950606 20000611
80415 20081117 20130430
80442 19970303 19990705
80412 20130731 20170801
80441 19970610 20010510
80469 19991118 20060918
80446 19980827 20100627
80539 20150626 20170801
80544 20051018 20140618
46392 20040227 20170801
80568 20070212 20130219
80592 20091221 20140608
80498 20151102 20170801
80528 20010222 20080413
80563 20170327 20170801
80575 19990405 20170801
80681 20020425 20080914
80621 19980320 20140131
80719 20151229 20170801
80759 20140602 20170801
80761 19960610 19990705
80774 20081124 20170315
80723 20080213 20111002
80740 20021209 20040815
80831 20030424 20060313
80791 20141103 20170801
80798 20050830 20080225
80836 19980223 19980924
80852 19990317 20041024
80795 20041025 20170801
80928 20080530 20170801
80864 19980901 20060605
81025 19951201 19960919
81010 20070615 20120918
80987 20021014 20170801
80957 19990331 20021013
80990 20161103 20170801
81095 20110705 20170801
81098 19991220 20050809
81079 19980824 19990831
81064 19960212 20000702
81071 20070614 20080225
81142 20000511 20081031
81162 19981211 20000417
81162 20071116 20150803
81178 19990428 20010708
81173 19960819 20030626
81173 20121214 20170427
81172 19970609 20050627
81128 20010410 20040121
81128 20130102 20140930
88379 20080416 20170801
88865 20060131 20111218
88865 20111220 20170801
81220 19981123 20170801
81204 19980819 20000113
81222 20160216 20170801
81241 20010215 20170801
81254 20151015 20170801
81502 19970818 20010402
81482 19990503 19991117
81475 19960920 20041208
81501 19980701 20001220
81506 19990723 20010827
81541 20130220 20160731
81635 19970211 19970901
81621 20001102 20170801
81600 19961113 19990523
81705 20030218 20140401
81736 19991126 20061001
81683 20000703 20020604
82803 19970602 19990830
81682 19971218 20040822
81689 19990518 20020418
81712 19980812 20020805
81666 20150529 20170801
81675 20040709 20150823
15014 20161004 20170801
81698 19990115 20070509
81903 20000901 20010116
81854 19991124 20000702
82222 19961125 20000130
91262 20130301 20170801
82227 19970528 19991230
82179 20030214 20170801
82178 19980422 20000618
82281 20070905 20111031
82272 19971105 20100429
82285 19970403 20001128
82235 19990924 20030319
82287 20160201 20170801
82488 20000522 20060822
82508 20170215 20170801
82535 19991108 20051229
82295 19970812 20070522
82522 19970801 20011009
82485 20010402 20020514
82515 20000418 20160126
82521 20000328 20130929
82489 19970123 20000329
82575 20121128 20170801
82551 19980825 20070415
82584 19991115 20001212
82649 19970616 20170801
82623 19990621 20000109
82605 20001026 20081002
82547 20001213 20170801
82613 20051031 20081116
86042 20040330 20170801
82634 20071001 20150126
82587 20061107 20140803
82644 20110321 20150707
82635 19970528 20130826
82607 19980202 20150728
82562 19990714 20000316
82697 19991130 20001002
82697 20040227 20070802
82717 20040902 20120617
82755 20011121 20110505
82702 20130603 20170801
82843 20000616 20031211
82797 19960131 20000113
82821 20000106 20060601
82837 19980810 20060125
82825 20041201 20111003
82793 20020725 20061129
83113 20001221 20090120
14470 20140207 20160926
83131 20100528 20140206
83162 19970808 20040511
83529 20040423 20141219
83150 19980202 20000130
83141 20001221 20030729
83121 20050124 20061229
83124 20080623 20170801
83318 19980701 19990718
83228 20000628 20010401
83324 19980401 19990404
83272 20051017 20170801
88163 20040716 20071230
83283 20020701 20121213
83202 19960327 20010807
83304 19990405 20051101
83244 20010709 20170801
83351 20070508 20080731
83365 19991022 20071031
83366 20010921 20110427
83366 20150210 20170801
83383 20030128 20041206
83422 20060803 20170801
83520 20000110 20140629
83455 20000829 20050516
83580 19980604 20000504
83495 20061204 20070725
83452 19991223 20020212
83559 20050609 20051122
83558 20020107 20081123
88811 20071219 20130730
86091 20150127 20170801
83616 20100825 20160331
83650 20001122 20050425
83625 20001205 20050525
83621 20020222 20080731
83669 20060802 20071014
83815 20010829 20170801
83588 19990301 20000419
83597 19990126 20080916
83799 20130903 20170801
83734 19970806 20010401
83916 20090701 20170801
83822 20161102 20170801
83844 20000629 20030313
83823 19990517 19991208
83862 19980618 19990228
83900 19981001 20000123
83818 19980120 19980731
83858 19990503 20000516
83884 20010403 20040101
83926 20000309 20050802
83928 20001214 20130530
83939 20010501 20130602
83998 19991029 20000926
83976 20161004 20170801
83950 20120425 20170801
83961 20101013 20161108
83990 19970401 19991103
83946 20070605 20071101
83965 19990719 20010708
83985 19970613 20031226
84103 20110228 20170801
84046 19991022 20020512
84062 20091014 20170801
84096 19981211 20000808
84084 20040428 20170801
84151 19990707 19991107
84636 20021014 20170402
84052 20010309 20140528
84134 20020613 20070515
84098 20000503 20070816
84106 19970731 19990922
84010 20050803 20080714
84060 20080318 20130926
89289 20041201 20170130
84041 20010823 20110531
84041 20170202 20170801
84031 19980407 20040630
84275 19990630 20121223
84238 20021001 20061115
84243 19990113 20040708
84170 19970728 19971104
84234 20150824 20170801
84214 20031212 20060403
84281 20070126 20140123
84262 20000114 20041219
84169 19980109 20060214
84210 20081219 20170801
84348 20000703 20160502
84330 19990503 20000402
84365 20000224 20170801
84342 20131002 20161101
84291 20080410 20101022
84320 20101102 20150701
84319 20070419 20170801
86440 20060501 20160731
85176 20130731 20170801
20598 20081031 20170801
84439 20000301 20051204
84385 20000424 20170801
84416 20101220 20130623
84392 20011010 20130228
84395 20000209 20080630
84559 20090212 20120627
84531 20030820 20160930
84514 20020222 20070625
84561 20001129 20110824
84510 19990709 20000630
88424 20000701 20000702
84624 20151118 20170801
84616 20031103 20071010
84737 20070809 20170801
84746 20000901 20060330
84569 19990611 20001002
84761 20010801 20170319
84734 20021231 20090526
84827 20151002 20170801
89323 20070312 20170801
85034 20060630 20110420
85067 19991004 20150311
85077 20000403 20110630
85011 19991231 20010328
85025 20021014 20070307
85042 20051027 20090529
85059 20090930 20170801
85168 19991209 20080709
85168 20151002 20170801
92245 20120103 20170801
85187 20170403 20170801
85177 20140303 20170801
85173 20030114 20160901
85198 20090527 20150528
85180 19991104 20010308
85231 19980526 20000521
85256 19980227 20011104
85255 19990831 20001212
85292 20001005 20030211
85280 20121101 20170801
86004 20031021 20140420
85311 20000420 20060503
85531 20061011 20080528
85298 20060608 20110713
90012 20060613 20170801
85372 20070817 20170801
85390 20020425 20170801
85625 20040519 20081201
85358 20010719 20050830
85486 20060406 20110609
85502 20001201 20041130
85411 20000104 20061219
85488 20100601 20170801
85458 19991004 20050608
85518 20020506 20030327
85424 19990831 20101014
85445 20081231 20130916
85495 19990104 20051016
85456 20000112 20001001
85604 20040604 20160118
85427 19990928 20170801
85496 20001003 20151124
85626 20000224 20010201
85627 20041201 20170801
85571 20170221 20170801
85567 20110616 20170801
85686 20140702 20170801
85675 20020705 20151014
85645 19980102 20071001
85710 20010323 20060801
85710 20101123 20170801
85661 20000114 20040412
85741 20041007 20170801
85786 20020515 20040730
85724 20111219 20170801
85738 20000201 20170801
85933 20001002 20050417
85770 20000317 20120424
85854 20000626 20020424
85802 20001229 20030724
85806 20020806 20051215
85889 20010622 20170801
85931 20170428 20170801
88203 20120403 20170801
85895 19990901 20010430
85944 20000810 20011031
86003 20110714 20120215
85860 20030808 20170801
85879 20040517 20061023
89530 20130501 20140815
85978 20070409 20091013
85992 20011207 20150610
85947 20080715 20140630
89681 20050323 20170801
86026 20150824 20170801
86055 20010117 20070401
86097 20011101 20081201
86051 19991124 20021013
86128 20051102 20170801
86189 20000727 20120117
86211 20100430 20170801
86166 20021115 20070508
13687 20170203 20170801
86188 20031231 20060404
86250 20130812 20170423
86259 20030728 20051009
86728 20061220 20101122
89917 20051021 20070123
86323 20080801 20100824
86307 20001106 20041129
86311 20000517 20020711
86713 20010615 20090623
86322 20111221 20150216
88940 20030212 20030818
88940 20150219 20170326
87639 20010808 20020930
86437 20010130 20091106
86432 20050928 20100228
86433 20020419 20040725
92774 20080821 20100126
86534 20001218 20120612
86489 20040227 20081123
86489 20110506 20170801
86544 20051116 20170801
86525 20070104 20101219
86582 20131101 20170801
86563 20170213 20170801
86547 20160531 20170801
86548 20000418 20111019
86719 20001108 20101219
86709 20140402 20170801
86715 20010511 20030312
86715 20101220 20131201
86717 20101110 20170801
86594 20121002 20170801
86735 20020605 20060309
86791 20001213 20110306
86778 20061220 20170801
86810 20160225 20170801
86813 20001211 20050818
86827 20000626 20170801
86830 20070413 20090818
88372 20060508 20081021
86895 20060601 20090923
12588 20160119 20170801
86949 20060424 20150630
86959 20050426 20080820
86958 20070802 20100720
87000 20060606 20170801
87077 20110728 20170801
87020 20040723 20160229
87066 20121219 20170801
87075 20030716 20151213
87078 20061110 20081012
87034 20000124 20090303
87086 20070814 20170801
87149 20011101 20091126
87179 20090924 20150726
87140 20060131 20110615
87264 20100301 20161201
87289 20060823 20091220
87257 20060310 20100804
87261 20060417 20131031
87214 19991004 20081027
87254 20030328 20051213
87314 20040701 20070207
87327 20081124 20090316
87268 20081223 20170801
88475 20150224 20170220
87361 20001103 20140601
87356 20160121 20170801
87306 20070605 20090929
87407 20001005 20010711
87415 20011129 20170801
87377 20051230 20120213
87445 19991231 20150218
87374 20010606 20030217
87496 20070817 20170801
87492 20070202 20110502
87539 20070717 20091118
87602 20000216 20010614
87771 20040929 20150202
87763 20061027 20070124
87827 20030313 20130625
87789 20120613 20170801
88152 20061002 20170801
88167 20120801 20170801
88172 20160425 20160727
88174 20110415 20170801
90354 20170412 20170801
88338 20020201 20070912
88478 20030828 20070521
89572 20101122 20170801
88249 20060403 20081005
88343 20110606 20140407
91040 20071019 20161003
88377 20010430 20020612
88417 20010102 20090303
88414 20000801 20020101
88510 20061201 20110706
88550 20111107 20121218
88545 20110602 20170801
88499 20030218 20110615
88495 20160125 20170801
89395 20090402 20170801
88648 20070621 20170801
88634 20021014 20070507
88739 20101007 20141222
88615 20030905 20170801
88748 20021001 20080818
88675 20041115 20081216
88750 20121224 20170419
88868 20050525 20121028
88792 20060526 20170801
88814 20140529 20160124
88807 20051213 20121127
88821 20001212 20060515
88841 20111003 20170801
88860 20090630 20140123
26382 20001226 20080622
88828 20090102 20101020
89174 20030702 20100816
88873 20010201 20070109
88897 20081124 20110414
92601 20130502 20170801
89035 20031113 20070418
89497 20010402 20130929
89290 20040823 20150720
89110 20070917 20170801
88980 20010514 20080210
89040 20070726 20111003
90208 20061006 20160329
89031 20140205 20170801
89167 20030729 20170801
89036 20080716 20170801
89215 20061024 20170801
89327 20160127 20170801
89413 20070612 20170801
90379 20041115 20050930
90379 20051001 20051009
14043 20160906 20170212
89204 20021001 20110704
89269 20030424 20140903
89243 20011116 20070620
89224 20040816 20071120
89216 20011203 20100627
89227 20011203 20051017
89307 20031103 20081123
89307 20140408 20170801
89297 20160301 20170801
89383 20041126 20070405
90192 20150312 20160229
89399 20131202 20150630
89447 20091119 20170801
89387 20090304 20170801
90555 20080401 20090824
89449 20100817 20170801
89575 20060516 20170801
89453 20050810 20170801
89577 20070606 20081229
89426 20020701 20050530
89557 20141205 20150731
89406 20050705 20170801
89482 20160330 20170801
90067 20070104 20170801
89876 20081103 20120116
89653 20101123 20170801
89826 20101208 20170328
89574 20051102 20170801
89506 20131018 20170801
89509 20021001 20070103
89737 20050418 20060507
89781 20071015 20150630
90874 20080710 20130730
89793 20090605 20161205
89800 20050418 20170801
89850 20080519 20130625
89824 20140818 20170801
89866 20060131 20081222
89830 20070530 20080317
89928 20051021 20080507
89922 20100219 20170222
89922 20170224 20170801
89900 20070803 20151228
89946 20141020 20170801
91086 20121005 20170801
89973 20060126 20161003
89904 20071002 20150317
89910 20060313 20070713
90333 20131002 20131231
90126 20170424 20170801
90454 20121001 20151101
91977 20110223 20170801
92282 20130102 20141112
90291 20110222 20140302
90427 20070509 20160512
90323 20101108 20120126
90426 20070626 20140602
90305 20080102 20130129
90356 20100628 20101012
90299 20100813 20131001
90515 20070412 20141130
90423 20161110 20170801
90680 20071109 20170801
90090 20070516 20111106
19721 20040708 20170801
90455 20100920 20160905
90249 20111213 20160825
90404 20110503 20170220
90301 20071207 20120403
90833 20081002 20160422
90524 20140722 20160530
90803 20140819 20170801
90790 20070124 20160522
90541 20071001 20110831
90440 20041201 20170801
90564 20110307 20160413
90438 20090223 20100528
90569 20071116 20120326
14247 20131101 20170801
90734 20070924 20170801
91500 20120628 20170801
90494 20141001 20170801
90634 20130919 20170801
91018 20150925 20170801
90715 20070904 20170801
90736 20100708 20100919
91114 20110401 20170801
90807 20081119 20160226
90735 20110701 20131222
14185 20160811 20170801
91605 20081124 20170801
90789 20070703 20131006
90755 20090102 20170801
90871 20070308 20170801
90867 20081003 20150223
90814 20081124 20140721
90822 20071001 20100912
90747 20070618 20110616
90775 20050628 20141209
90966 20090609 20140717
91153 20060331 20080820
90971 20110822 20170801
91032 20071023 20150924
90956 20100202 20130101
90802 20050801 20070914
90963 20090102 20170801
91356 20081030 20170801
91020 20130603 20170326
92044 20101111 20170801
91090 20061002 20170801
90910 20081002 20120405
91041 20051222 20140622
91099 20100211 20150115
91113 20080508 20120130
91095 20101001 20170801
93175 20110606 20170801
91366 20101126 20170801
13921 20160516 20170801
13367 20151124 20160801
13527 20151221 20170801
91363 20140505 20170801
91463 20090223 20130213
93035 20150114 20170801
91514 20120216 20170801
91498 20090313 20170801
91614 20120404 20170801
91548 20090304 20100816
91413 20130702 20170801
91659 20091209 20170801
92226 20170223 20170801
91486 20170221 20170801
91571 20091110 20170801
91743 20110901 20170801
91733 20090120 20170801
91899 20100805 20131007
91907 20101004 20170801
91688 20090624 20170801
91692 20120919 20170801
92043 20100721 20170801
92210 20110516 20170801
38755 20110217 20120731
92102 20090304 20160131
92229 20110830 20170801
92220 20140623 20170319
92758 20110825 20141008
92205 20141009 20160516
92184 20070801 20170801
92172 20120806 20170801
92243 20100413 20130501
13878 20150701 20170801
93071 20110127 20170801
92684 20160802 20170801
92302 20150709 20160209
92378 20071101 20150625
92343 20140512 20170801
92330 20091110 20110222
92346 20071101 20080723
92307 20090527 20110227
92454 20090318 20130131
92454 20160701 20170214
92428 20090313 20170801
92429 20110707 20151110
92432 20100727 20170801
92400 20091117 20170801
13712 20150202 20170801
92443 20150709 20170801
92448 20110713 20141102
12906 20140701 20170801
92460 20110701 20150430
92464 20140724 20160129
92478 20071231 20170801
92483 20071231 20090604
92467 20100817 20170801
92528 20080211 20090316
92527 20090605 20151120
92587 20160801 20170801
93427 20140402 20170801
92597 20080401 20170801
92984 20101111 20170201
92635 20080424 20170801
92621 20140630 20161110
93079 20150402 20170801
92780 20131007 20170801
92772 20080821 20170801
92771 20080821 20111212
92729 20080801 20170801
93384 20140124 20170801
93111 20101209 20130902
93095 20120127 20170801
92782 20150701 20170801
13803 20140904 20150401
91161 20131224 20170801
92854 20081217 20170801
13253 20140218 20170801
92940 20120130 20170801
92934 20120423 20140723
92948 20121016 20170801
93006 20090825 20110216
93141 20110421 20130919
93014 20170428 20170801
92596 20150217 20170801
93200 20140623 20170801
93356 20160923 20170801
93305 20110728 20170801
93266 20120628 20170801
93373 20150806 20170801
11664 20131002 20170801
93418 20111208 20140701
12924 20130603 20170315
12093 20130509 20170801
12363 20160301 20170801
12477 20150501 20170801
12566 20150210 20170801
12446 20131016 20150630
12513 20131008 20170801
12330 20141223 20160727
90092 20120618 20170801
12695 20140701 20160828
13410 20150611 20170801
12894 20130220 20150401
12905 20120118 20170801
12915 20130501 20170801
13400 20130626 20170801
13278 20161207 20170801
13049 20160201 20170427
13249 20160307 20170801
13116 20141224 20161003
13743 20130201 20170801
13520 20160425 20170801
13375 20160728 20170801
14960 20141113 20170801
13041 20111101 20170801
13579 20161206 20170801
13085 20111122 20170801
14471 20150318 20160831
13285 20130927 20141020
90276 20070329 20170801
90188 20110616 20160922
90179 20141021 20170801
90187 20061214 20170222
90164 20080715 20100314
90164 20140701 20170801
92457 20110228 20170801
90233 20120201 20170801
90290 20070827 20100810
90200 20070913 20121004
90307 20070416 20170801
92983 20120516 20151223
12615 20131105 20170801
